301 326  0 8  0.9
224 247  0 8  0.9
298 329  0 8  0.9
126 234  0 8  0.8989
85 264  0 8  0.8989
301 322  0 8  0.8989
71 191  0 8  0.8989
305 322  0 8  0.8978
237 245  0 8  0.8967
152 273  0 8  0.8956
48 96  0 8  0.8934
58 85  0 8  0.8901
53 114  0 8  0.8879
232 239  0 8  0.8813
102 129  0 8  0.8736
298 326  0 8  0.8681
96 115  0 8  0.867
152 268  0 8  0.8659
104 237  0 8  0.8571
228 239  0 8  0.856
311 318  0 8  0.845
96 216  0 8  0.8439
152 210  0 8  0.8274
39 137  0 8  0.8241
139 218  0 8  0.8208
216 253  0 8  0.8087
38 95  0 8  0.8065
145 261  0 8  0.8054
66 271  0 8  0.7999
82 264  0 8  0.7999
59 216  0 8  0.79
180 188  0 8  0.7823
164 192  0 8  0.7779
131 243  0 8  0.7702
302 329  0 8  0.7691
145 266  0 8  0.7658
181 187  0 8  0.7647
131 247  0 8  0.7548
53 318  0 8  0.7515
308 315  0 8  0.7504
143 150  0 8  0.7504
87 267  0 8  0.7394
149 246  0 8  0.7251
55 264  0 8  0.7218
61 300  0 8  0.7141
82 224  0 8  0.7119
32 84  0 8  0.7053
199 266  0 8  0.7031
107 141  0 8  0.6965
97 209  0 8  0.6943
94 137  0 8  0.6932
48 95  0 8  0.6734
128 229  0 8  0.6701
93 216  0 8  0.6657
143 210  0 8  0.6646
62 85  0 8  0.6613
210 268  0 8  0.6613
228 242  0 8  0.6437
213 261  0 8  0.6382
25 295  0 8  0.6382
198 206  0 8  0.6371
163 257  0 8  0.6349
143 216  0 8  0.6349
147 216  0 8  0.6305
81 286  0 8  0.6283
160 176  0 8  0.6272
96 253  0 8  0.6206
152 182  0 8  0.6129
67 87  0 8  0.6129
131 240  0 8  0.6107
147 268  0 8  0.6041
271 276  0 8  0.5975
68 217  0 8  0.5964
226 251  0 8  0.5909
224 243  0 8  0.5887
41 95  0 8  0.5843
32 67  0 8  0.5832
29 99  0 8  0.5788
88 274  0 8  0.5755
199 271  0 8  0.5755
102 124  0 8  0.5711
153 273  0 8  0.57
303 321  0 8  0.57
50 214  0 8  0.5689
237 246  0 8  0.5678
89 212  0 8  0.5667
141 263  0 8  0.5667
137 193  0 8  0.5601
36 95  0 8  0.5579
52 313  0 8  0.5568
68 299  0 8  0.5546
75 81  0 8  0.5513
33 303  0 8  0.5469
142 210  0 8  0.5447
104 141  0 8  0.5436
228 247  0 8  0.5414
250 273  0 8  0.5414
264 269  0 8  0.5403
305 319  0 8  0.5381
73 294  0 8  0.5381
41 287  0 8  0.537
55 263  0 8  0.537
127 224  0 8  0.5359
145 182  0 8  0.5337
211 258  0 8  0.5326
52 275  0 8  0.5304
65 290  0 8  0.5271
233 243  0 8  0.5227
142 258  0 8  0.5205
87 268  0 8  0.5194
104 245  0 8  0.515
176 198  0 8  0.5117
172 213  0 8  0.5117
308 319  0 8  0.5084
53 321  0 8  0.5073
176 196  0 8  0.5062
74 198  0 8  0.5051
29 170  0 8  0.5018
57 325  0 8  0.5018
174 210  0 8  0.4974
111 318  0 8  0.4952
115 149  0 8  0.4952
145 170  0 8  0.4941
62 198  0 8  0.4919
36 107  0 8  0.4897
142 300  0 8  0.4875
199 281  0 8  0.4864
194 278  0 8  0.482
107 263  0 8  0.4809
132 243  0 8  0.4776
119 248  0 8  0.4776
153 269  0 8  0.4765
100 192  0 8  0.4765
68 283  0 8  0.4721
39 102  0 8  0.4699
90 208  0 8  0.4688
123 269  0 8  0.4677
38 91  0 8  0.4677
136 146  0 8  0.4677
263 273  0 8  0.4655
146 213  0 8  0.4655
92 213  0 8  0.4611
313 318  0 8  0.46
74 170  0 8  0.4556
210 276  0 8  0.4556
93 220  0 8  0.4523
135 221  0 8  0.449
95 110  0 8  0.449
174 256  0 8  0.4457
68 321  0 8  0.4457
97 329  0 8  0.4457
257 317  0 8  0.4435
194 285  0 8  0.4424
235 246  0 8  0.4424
64 196  0 8  0.4402
224 304  0 8  0.4402
176 206  0 8  0.438
160 196  0 8  0.4336
93 206  0 8  0.4325
39 91  0 8  0.4325
100 163  0 8  0.4303
100 250  0 8  0.4292
95 115  0 8  0.4281
96 315  0 8  0.4259
321 330  0 8  0.4226
160 175  0 8  0.4226
30 299  0 8  0.4226
69 303  0 8  0.4215
174 213  0 8  0.4193
120 300  0 8  0.4182
194 267  0 8  0.4171
183 238  0 8  0.416
128 233  0 8  0.4149
77 322  0 8  0.4094
141 313  0 8  0.4072
74 100  0 8  0.4017
55 192  0 8  0.4017
27 264  0 8  0.4006
84 270  0 8  0.3995
146 225  0 8  0.3995
33 295  0 8  0.3973
110 141  0 8  0.3973
189 212  0 8  0.3962
128 315  0 8  0.3962
98 136  0 8  0.394
95 193  0 8  0.3929
242 249  0 8  0.3929
24 61  0 8  0.3918
142 261  0 8  0.3907
69 283  0 8  0.3907
257 313  0 8  0.3896
55 141  0 8  0.3896
301 323  0 8  0.3896
29 193  0 8  0.3874
68 164  0 8  0.3874
169 202  0 8  0.3841
67 145  0 8  0.383
48 104  0 8  0.3819
197 274  0 8  0.3808
185 289  0 8  0.3797
35 174  0 8  0.3797
182 269  0 8  0.3775
35 261  0 8  0.3764
102 123  0 8  0.3764
91 271  0 8  0.3742
36 152  0 8  0.3731
295 306  0 8  0.3731
67 192  0 8  0.3731
127 247  0 8  0.3731
81 306  0 8  0.372
146 197  0 8  0.372
156 194  0 8  0.372
214 259  0 8  0.3709
114 313  0 8  0.3709
280 285  0 8  0.3709
146 310  0 8  0.3698
305 323  0 8  0.3698
232 247  0 8  0.3687
143 248  0 8  0.3687
296 318  0 8  0.3687
189 215  0 8  0.3676
152 180  0 8  0.3665
179 320  0 8  0.3665
29 281  0 8  0.3643
97 216  0 8  0.3643
36 145  0 8  0.3643
220 257  0 8  0.3643
93 138  0 8  0.3632
123 140  0 8  0.3632
36 263  0 8  0.3632
164 217  0 8  0.361
139 281  0 8  0.3599
64 296  0 8  0.3577
140 206  0 8  0.3577
72 322  0 8  0.3577
236 241  0 8  0.3577
150 210  0 8  0.3566
174 179  0 8  0.3555
41 152  0 8  0.3544
147 258  0 8  0.3544
55 102  0 8  0.3544
176 197  0 8  0.3533
257 275  0 8  0.3522
192 199  0 8  0.3522
65 324  0 8  0.3522
286 295  0 8  0.3511
127 303  0 8  0.35
93 202  0 8  0.3489
170 179  0 8  0.3478
43 121  0 8  0.3467
64 132  0 8  0.3467
31 61  0 8  0.3456
52 99  0 8  0.3445
251 315  0 8  0.3445
50 81  0 8  0.3445
305 326  0 8  0.3434
153 263  0 8  0.3434
53 266  0 8  0.3412
99 246  0 8  0.3412
58 192  0 8  0.339
25 269  0 8  0.339
250 295  0 8  0.3379
88 141  0 8  0.3379
95 210  0 8  0.3368
85 268  0 8  0.3368
275 302  0 8  0.3346
69 288  0 8  0.3335
39 121  0 8  0.3335
274 285  0 8  0.3324
84 156  0 8  0.3313
115 256  0 8  0.3302
312 318  0 8  0.3291
131 224  0 8  0.328
51 88  0 8  0.328
52 96  0 8  0.3269
150 206  0 8  0.3269
96 136  0 8  0.3258
153 318  0 8  0.3258
28 286  0 8  0.3247
215 249  0 8  0.3247
268 294  0 8  0.3236
138 206  0 8  0.3236
104 110  0 8  0.3236
51 119  0 8  0.3236
193 272  0 8  0.3236
273 300  0 8  0.3214
138 181  0 8  0.3214
176 217  0 8  0.3214
201 233  0 8  0.3214
71 229  0 8  0.3214
222 330  0 8  0.3192
284 301  0 8  0.3192
114 311  0 8  0.3192
288 328  0 8  0.317
121 247  0 8  0.3159
153 278  0 8  0.3159
80 295  0 8  0.3148
123 251  0 8  0.3148
89 189  0 8  0.3148
38 43  0 8  0.3148
66 317  0 8  0.3148
123 176  0 8  0.3137
27 321  0 8  0.3137
235 251  0 8  0.3137
131 259  0 8  0.3137
186 323  0 8  0.3126
124 251  0 8  0.3126
39 94  0 8  0.3093
87 282  0 8  0.3082
94 281  0 8  0.3071
43 177  0 8  0.3071
213 258  0 8  0.306
183 251  0 8  0.306
36 210  0 8  0.3049
170 192  0 8  0.3049
190 241  0 8  0.3049
35 256  0 8  0.3049
81 332  0 8  0.3049
38 96  0 8  0.3005
212 273  0 8  0.2994
160 173  0 8  0.2994
145 288  0 8  0.2994
140 308  0 8  0.2983
127 150  0 8  0.2983
103 309  0 8  0.2972
63 272  0 8  0.2972
112 318  0 8  0.2972
100 138  0 8  0.2961
93 198  0 8  0.2961
59 66  0 8  0.2961
54 316  0 8  0.295
251 276  0 8  0.295
77 192  0 8  0.295
84 282  0 8  0.2939
146 258  0 8  0.2939
142 213  0 8  0.2939
216 250  0 8  0.2928
73 226  0 8  0.2928
257 303  0 8  0.2928
74 272  0 8  0.2917
35 266  0 8  0.2917
139 298  0 8  0.2895
48 92  0 8  0.2895
170 188  0 8  0.2884
210 271  0 8  0.2873
61 304  0 8  0.2873
210 266  0 8  0.2873
40 264  0 8  0.2862
190 299  0 8  0.2862
45 110  0 8  0.2851
129 251  0 8  0.2851
26 190  0 8  0.2851
141 220  0 8  0.284
143 237  0 8  0.284
117 254  0 8  0.284
45 99  0 8  0.2829
298 325  0 8  0.2829
132 274  0 8  0.2829
190 323  0 8  0.2818
80 276  0 8  0.2818
61 140  0 8  0.2807
50 306  0 8  0.2807
302 330  0 8  0.2796
89 119  0 8  0.2796
100 264  0 8  0.2785
250 326  0 8  0.2785
76 145  0 8  0.2785
273 286  0 8  0.2785
172 210  0 8  0.2774
182 275  0 8  0.2774
220 301  0 8  0.2774
52 91  0 8  0.2774
133 267  0 8  0.2763
176 182  0 8  0.2763
220 269  0 8  0.2752
304 321  0 8  0.2752
87 294  0 8  0.2752
255 265  0 8  0.2752
73 112  0 8  0.2741
119 125  0 8  0.2741
276 285  0 8  0.273
136 207  0 8  0.2719
80 286  0 8  0.2719
53 78  0 8  0.2719
145 232  0 8  0.2708
64 127  0 8  0.2708
53 308  0 8  0.2708
98 146  0 8  0.2708
97 217  0 8  0.2697
140 215  0 8  0.2675
102 283  0 8  0.2675
121 193  0 8  0.2664
210 300  0 8  0.2664
181 280  0 8  0.2664
199 276  0 8  0.2653
