  72  79  0 100
  70  81  0 100
  71  80  0 100
  16  39  0 100
  26  67  0 100
  15  40  0 100
  69  82  0 100
  73  78  0 100
  17  38  0 100
  42  60  0 100
  13  41  0 100
  22  30  0 100
  64  85  0 100
   3  91  0 100
  25  68  0 100
  18  37  0 100
   4  90  0 100
   5  89  0 100
  28  65  0 100
  48  55  0 100
   8  86  0 100
  43  59  0 100
   2  92  0 100
  27  66  0 100
   1  93  0 100
  23  29  0 100
  71  81  0 100
  70  80  0 100
   9  63  0 100
  46  55  0 100
  17  37  0 100
   5  14  0 100
  19  37  0 100
  26  66  0 100
  69  83  0 100
  10  63  0 100
   3  28  0 100
  84  91  0 100
  48  54  0 100
  77  84  0 100
  50  67  0 100
   2  75  0 100
  52  93  0 100
  34  76  0 100
   5  64  0 100
   9  34  0 100
  34  49  0 100
  19  32  0 100
  14  41  0 100
  19  35  0 100
  10  78  0 100
  31  37  0 100
  62  78  0 100
  14  55  0 100
  14  81  0 100
  42  84  0 100
  18  38  0 100
  16  37  0 100
  13  71  0 100
  50  68  0 100
  25  83  0 100
   2  93  0 100
  50  74  0 100
  18  63  0 100
   1  78  0 100
  22  85  0 100
   1  10  0 100
  63  75  0 100
  59  83  0 100
   2  27  0 100
  18  32  0 100
  30  85  0 100
  18  31  0 100
  10  73  0 100
  50  83  0 100
  10  62  0 100
  28  91  0 100
  53  88  0 100
  61  85  0 100
  23  66  0 100
   8  30  0 100
   8  22  0 100
   1  38  0 100
  25  67  0 100
  43  60  0 100
   4  64  0 100
   8  66  0 100
  26  65  0 100
   9  46  0 100
  49  89  0 100
  34  79  0 100
   3  25  0 100
  71  76  0 100
  21  31  0 100
  10  77  0 100
  54  67  0 100
  10  33  0 100
   9  37  0 100
  13  81  0 100
   9  92  0 100
   3  65  0 100
  29  66  0 100
   9  50  0 100
  23  61  0 100
   1   8  0 100
  61  66  0 100
   2  50  0 100
  54  89  0 100
  22  91  0 100
  17  32  0 100
  13  70  0 100
  17  39  0 100
  53  93  0 100
  51  74  0 100
  31  42  0 100
  18  33  0 100
  23  64  0 100
   8  91  0 100
  41  71  0 100
  41  70  0 100
  14  70  0 100
  18  43  0 100
  51  75  0 100
   9  49  0 100
  38  52  0 100
  41  81  0 100
  18  77  0 100
  52  77  0 100
  52  73  0 100
