  25  68  0 1000
  26  67  0 1000
  72  79  0 100
  70  81  0  90
  71  80  0  90
  16  39  0  90
  26  67  0  90
  15  40  0  90
  69  82  0  90
  73  78  0  90
  17  38  0  90
  42  60  0  90
  13  41  0  90
  22  30  0  90
  64  85  0  90
   3  91  0  90
  25  68  0  90
  18  37  0  90
   4  90  0  90
   5  89  0  90
  28  65  0  90
  48  55  0  90
   8  86  0  90
  43  59  0  90
   2  92  0  90
  27  66  0  90
   1  93  0  90
  23  29  0  90
  71  81  0  80
  70  80  0  80
   9  63  0  80
  46  55  0  70
  17  37  0  60
   5  14  0  50
  19  37  0  50
  26  66  0  50
  69  83  0  40
  10  63  0  40
   3  28  0  40
  84  91  0  30
  48  54  0  30
  77  84  0  30
  50  67  0  20
   2  75  0  20
  52  93  0  20
  34  76  0  20
   5  64  0  20
   9  34  0  20
  34  49  0  20
  19  32  0  20
  14  41  0  20
  19  35  0  20
  10  78  0  20
  31  37  0  20
  62  78  0  20
  14  55  0  10
  14  81  0  10
  42  84  0  10
  18  38  0  10
  16  37  0  10
  13  71  0  10
  50  68  0  10
  25  83  0  10
   2  93  0  10
  50  74  0  10
  18  63  0  10
   1  78  0  10
  22  85  0  10
   1  10  0  10
  63  75  0  10
  59  83  0  10
   2  27  0  10
  18  32  0  10
  30  85  0  10
  18  31  0  10
  10  73  0  10
  50  83  0  10
  10  62  0  10
  28  91  0  10
