  70  81  0 1000
  72  79  0  976
  71  80  0  967
  16  39  0  844
  15  40  0  830
  26  67  0  803
  13  41  0  783
  17  38  0  744
  42  60  0  723
  22  30  0  716
  69  82  0  707
  64  85  0  687
  73  78  0  685
   3  91  0  681
  25  68  0  614
   5  89  0  613
  18  37  0  593
  48  55  0  592
  28  65  0  583
   8  86  0  540
   4  90  0  537
   2  92  0  503
   1  93  0  378
  27  66  0  321
   9  63  0  313
  71  81  0  311
   5  14  0  272
  70  80  0  266
  43  59  0  261
  23  29  0  248
   8  22  0  237
   8  30  0  235
   3  28  0  232
  46  55  0  209
  28  91  0  208
  17  37  0  204
  28  62  0  202
   8  38  0  201
   1  14  0  192
   2  93  0  186
  22  91  0  185
  13  92  0  176
  30  91  0  174
   4  64  0  172
  14  89  0  168
  41  89  0  166
  42  84  0  164
  18  32  0  159
  14  41  0  155
  13  26  0  147
  13  54  0  145
   5  64  0  143
  22  86  0  141
  30  86  0  139
  41  92  0  137
  25  37  0  132
   6  88  0  129
  26  41  0  128
  22  85  0  126
   3  14  0  124
  30  85  0  123
  26  54  0  122
  19  35  0  118
   5  90  0  117
  42  62  0  114
  17  22  0  112
  13  71  0  110
  13  70  0  108
   2  14  0  106
  14  86  0  105
   8  92  0  104
  13  81  0  101
  61  66  0  100
  41  70  0   97
  23  61  0   95
  22  38  0   94
   7  88  0   93
  17  39  0   91
  17  30  0   90
  30  38  0   89
  41  81  0   87
  41  80  0   84
  25  67  0   82
   8  26  0   79
   7  87  0   78
   6  11  0   77
   1  60  0   76
   1  91  0   73
  86  91  0   71
  13  89  0   69
   6  12  0   67
   6  87  0   66
  25  60  0   64
  29  61  0   60
   2  13  0   59
  29  66  0   58
  11  88  0   56
   1   9  0   55
   2  33  0   53
  21  31  0   52
   9  67  0   51
  61  85  0   50
  67  83  0   48
  47  56  0   47
   8  17  0   46
  23  66  0   45
  17  32  0   44
   1   8  0   42
   1  86  0   41
   7  12  0   40
  48  54  0   38
  13  80  0   37
  41  71  0   35
  84  91  0   33
  25  41  0   31
  11  87  0   30
  13  25  0   28
  69  83  0   26
  14  93  0   24
  62  89  0   23
   5  92  0   22
  33  70  0   19
  41  54  0   18
  21  35  0   16
  19  27  0   15
  26  83  0   14
  16  37  0   12
  41  68  0    9
  12  88  0    8
  19  61  0    7
  23  65  0    6
  20  45  0    3
  45  58  0    2
