1 1
2 1
3 1
4 0.5
5 0.6
6 0.666667
7 0.714286
8 0.75
9 0.555556
10 0.4
11 0.454545
12 0.333333
13 0.384615
14 0.428571
15 0.333333
16 0.375
17 0.411765
18 0.444444
19 0.368421
20 0.4
21 0.333333
22 0.363636
23 0.391304
24 0.333333
25 0.36
26 0.384615
27 0.407407
28 0.428571
29 0.448276
30 0.4
31 0.354839
32 0.375
33 0.393939
34 0.411765
35 0.428571
36 0.444444
37 0.405405
38 0.368421
39 0.384615
40 0.35
41 0.317073
42 0.333333
43 0.348837
44 0.363636
45 0.377778
46 0.391304
47 0.404255
48 0.416667
49 0.428571
50 0.44
51 0.411765
52 0.423077
53 0.433962
54 0.444444
55 0.454545
56 0.428571
57 0.438596
58 0.448276
59 0.423729
60 0.4
61 0.409836
62 0.387097
63 0.396825
64 0.40625
65 0.384615
66 0.393939
67 0.402985
68 0.382353
69 0.362319
70 0.342857
71 0.352113
72 0.361111
73 0.369863
74 0.378378
75 0.386667
76 0.394737
77 0.402597
78 0.410256
79 0.392405
80 0.4
81 0.382716
82 0.390244
83 0.39759
84 0.380952
85 0.388235
86 0.372093
87 0.356322
88 0.363636
89 0.370787
90 0.377778
91 0.384615
92 0.391304
93 0.376344
94 0.361702
95 0.368421
96 0.354167
97 0.340206
98 0.346939
99 0.353535
100 0.36
101 0.346535
102 0.333333
103 0.339806
104 0.346154
105 0.352381
106 0.358491
107 0.364486
108 0.351852
109 0.357798
110 0.363636
111 0.351351
112 0.357143
113 0.345133
114 0.350877
115 0.356522
116 0.362069
117 0.350427
118 0.355932
119 0.344538
120 0.35
121 0.355372
122 0.344262
123 0.333333
124 0.322581
125 0.328
126 0.333333
127 0.338583
128 0.328125
129 0.317829
130 0.323077
131 0.328244
132 0.318182
133 0.323308
134 0.313433
135 0.318519
136 0.308824
137 0.313869
138 0.318841
139 0.323741
140 0.314286
141 0.319149
142 0.323944
143 0.314685
144 0.319444
145 0.324138
146 0.328767
147 0.333333
148 0.337838
149 0.342282
150 0.346667
151 0.350993
152 0.355263
153 0.346405
154 0.350649
155 0.354839
156 0.358974
157 0.363057
158 0.35443
159 0.358491
160 0.35
161 0.341615
162 0.333333
163 0.325153
164 0.317073
165 0.309091
166 0.313253
167 0.317365
168 0.321429
169 0.325444
170 0.329412
171 0.321637
172 0.325581
173 0.32948
174 0.321839
175 0.325714
176 0.318182
177 0.322034
178 0.325843
179 0.329609
180 0.333333
181 0.337017
182 0.340659
183 0.333333
184 0.336957
185 0.340541
186 0.344086
187 0.336898
188 0.340426
189 0.343915
190 0.347368
191 0.340314
192 0.34375
193 0.34715
194 0.350515
195 0.34359
196 0.346939
197 0.350254
198 0.353535
199 0.346734
200 0.35
201 0.353234
202 0.356436
203 0.349754
204 0.343137
205 0.346341
206 0.349515
207 0.342995
208 0.346154
209 0.339713
210 0.333333
211 0.327014
212 0.320755
213 0.323944
214 0.317757
215 0.32093
216 0.324074
217 0.327189
218 0.330275
219 0.324201
220 0.327273
221 0.321267
222 0.315315
223 0.318386
224 0.321429
225 0.324444
226 0.318584
227 0.321586
228 0.324561
229 0.327511
230 0.330435
231 0.324675
232 0.318966
233 0.321888
234 0.324786
235 0.32766
236 0.330508
237 0.333333
238 0.336134
239 0.338912
240 0.341667
241 0.3361
242 0.338843
243 0.333333
244 0.336066
245 0.338776
246 0.341463
247 0.336032
248 0.33871
249 0.341365
250 0.344
251 0.346614
252 0.349206
253 0.351779
254 0.354331
255 0.356863
256 0.359375
257 0.361868
258 0.364341
259 0.366795
260 0.369231
261 0.371648
262 0.366412
263 0.368821
264 0.371212
265 0.373585
266 0.37594
267 0.378277
268 0.380597
269 0.3829
270 0.385185
271 0.387454
272 0.389706
273 0.384615
274 0.379562
275 0.374545
276 0.369565
277 0.371841
278 0.374101
279 0.376344
280 0.378571
281 0.380783
282 0.382979
283 0.385159
284 0.387324
285 0.382456
286 0.384615
287 0.38676
288 0.388889
289 0.391003
290 0.393103
291 0.395189
292 0.390411
293 0.385666
294 0.387755
295 0.389831
296 0.391892
297 0.393939
298 0.395973
299 0.397993
300 0.393333
301 0.388704
302 0.390728
303 0.386139
304 0.388158
305 0.390164
306 0.385621
307 0.387622
308 0.38961
309 0.391586
310 0.393548
311 0.395498
312 0.391026
313 0.386581
314 0.388535
315 0.384127
316 0.386076
317 0.381703
318 0.377358
319 0.373041
320 0.375
321 0.376947
322 0.378882
323 0.374613
324 0.376543
325 0.372308
326 0.374233
327 0.370031
328 0.371951
329 0.37386
330 0.375758
331 0.371601
332 0.373494
333 0.375375
334 0.377246
335 0.379104
336 0.380952
337 0.376855
338 0.378698
339 0.380531
340 0.382353
341 0.384164
342 0.385965
343 0.381924
344 0.383721
345 0.385507
346 0.387283
347 0.383285
348 0.37931
349 0.375358
350 0.371429
351 0.373219
352 0.375
353 0.376771
354 0.372881
355 0.369014
356 0.370787
357 0.372549
358 0.368715
359 0.364903
360 0.366667
361 0.368421
362 0.370166
363 0.366391
364 0.368132
365 0.369863
366 0.36612
367 0.362398
368 0.36413
369 0.365854
370 0.362162
371 0.363881
372 0.360215
373 0.36193
374 0.363636
375 0.365333
376 0.367021
377 0.3687
378 0.37037
379 0.372032
380 0.373684
381 0.375328
382 0.376963
383 0.37859
384 0.380208
385 0.376623
386 0.378238
387 0.374677
388 0.371134
389 0.372751
390 0.374359
391 0.370844
392 0.372449
393 0.374046
394 0.375635
395 0.377215
396 0.373737
397 0.375315
398 0.376884
399 0.378446
400 0.38
401 0.381546
402 0.383085
403 0.384615
404 0.386139
405 0.382716
406 0.384236
407 0.380835
408 0.382353
409 0.383863
410 0.385366
411 0.386861
412 0.38835
413 0.389831
414 0.386473
415 0.383133
416 0.379808
417 0.376499
418 0.373206
419 0.374702
420 0.371429
421 0.372922
422 0.374408
423 0.375887
424 0.377358
425 0.378824
426 0.380282
427 0.381733
428 0.378505
429 0.379953
430 0.376744
431 0.37819
432 0.375
433 0.376443
434 0.373272
435 0.374713
436 0.376147
437 0.377574
438 0.378995
439 0.38041
440 0.377273
441 0.378685
442 0.375566
443 0.376975
444 0.378378
445 0.379775
446 0.376682
447 0.378076
448 0.375
449 0.376392
450 0.377778
451 0.379157
452 0.380531
453 0.381898
454 0.378855
455 0.375824
456 0.377193
457 0.374179
458 0.371179
459 0.372549
460 0.373913
461 0.370933
462 0.372294
463 0.37365
464 0.37069
465 0.372043
466 0.373391
467 0.37045
468 0.371795
469 0.36887
470 0.370213
471 0.37155
472 0.372881
473 0.374207
474 0.371308
475 0.372632
476 0.37395
477 0.375262
478 0.376569
479 0.377871
480 0.379167
481 0.376299
482 0.377593
483 0.374741
484 0.371901
485 0.369072
486 0.37037
487 0.371663
488 0.372951
489 0.374233
490 0.37551
491 0.376782
492 0.378049
493 0.37931
494 0.380567
495 0.377778
496 0.379032
497 0.376258
498 0.37751
499 0.374749
500 0.376
501 0.373253
502 0.374502
503 0.375746
504 0.376984
505 0.378218
506 0.375494
507 0.376726
508 0.377953
509 0.379175
510 0.380392
511 0.381605
512 0.382812
513 0.384016
514 0.385214
515 0.386408
516 0.387597
517 0.388781
518 0.389961
519 0.387283
520 0.388462
521 0.385797
522 0.386973
523 0.388145
524 0.389313
525 0.390476
526 0.391635
527 0.392789
528 0.393939
529 0.395085
530 0.396226
531 0.397363
532 0.398496
533 0.399625
534 0.397004
535 0.398131
536 0.395522
537 0.392924
538 0.394052
539 0.395176
540 0.392593
541 0.390018
542 0.391144
543 0.388582
544 0.389706
545 0.387156
546 0.388278
547 0.389397
548 0.390511
549 0.391621
550 0.389091
551 0.3902
552 0.387681
553 0.388788
554 0.389892
555 0.387387
556 0.388489
557 0.389587
558 0.390681
559 0.391771
560 0.389286
561 0.390374
562 0.391459
563 0.39254
564 0.393617
565 0.39469
566 0.392226
567 0.393298
568 0.394366
569 0.395431
570 0.396491
571 0.397548
572 0.398601
573 0.396161
574 0.393728
575 0.391304
576 0.392361
577 0.393414
578 0.391003
579 0.392055
580 0.389655
581 0.390706
582 0.391753
583 0.389365
584 0.390411
585 0.388034
586 0.385666
587 0.383305
588 0.384354
589 0.385399
590 0.386441
591 0.384095
592 0.385135
593 0.382799
594 0.383838
595 0.384874
596 0.385906
597 0.386935
598 0.384615
599 0.382304
600 0.383333
601 0.384359
602 0.385382
603 0.383085
604 0.384106
605 0.385124
606 0.386139
607 0.38715
608 0.384868
609 0.385878
610 0.386885
611 0.387889
612 0.388889
613 0.386623
614 0.387622
615 0.388618
616 0.38961
617 0.3906
618 0.391586
619 0.392569
620 0.393548
621 0.391304
622 0.392283
623 0.393258
624 0.394231
625 0.392
626 0.392971
627 0.393939
628 0.394904
629 0.395866
630 0.396825
631 0.394612
632 0.39557
633 0.396524
634 0.394322
635 0.395276
636 0.393082
637 0.390895
638 0.388715
639 0.386541
640 0.3875
641 0.388456
642 0.386293
643 0.387247
644 0.388199
645 0.389147
646 0.386997
647 0.384853
648 0.382716
649 0.380586
650 0.378462
651 0.379416
652 0.380368
653 0.378254
654 0.376147
655 0.377099
656 0.378049
657 0.378995
658 0.379939
659 0.38088
660 0.381818
661 0.382753
662 0.383686
663 0.384615
664 0.38253
665 0.383459
666 0.384384
667 0.382309
668 0.383234
669 0.384155
670 0.385075
671 0.385991
672 0.383929
673 0.384844
674 0.382789
675 0.383704
676 0.381657
677 0.38257
678 0.383481
679 0.384389
680 0.385294
681 0.386197
682 0.387097
683 0.385066
684 0.385965
685 0.383942
686 0.38484
687 0.382824
688 0.383721
689 0.384615
690 0.382609
691 0.383502
692 0.381503
693 0.382395
694 0.383285
695 0.384173
696 0.382184
697 0.38307
698 0.383954
699 0.384835
700 0.385714
701 0.386591
702 0.384615
703 0.385491
704 0.383523
705 0.384397
706 0.385269
707 0.386139
708 0.387006
709 0.385049
710 0.385915
711 0.386779
712 0.38764
713 0.385694
714 0.386555
715 0.387413
716 0.388268
717 0.389121
718 0.387187
719 0.385257
720 0.383333
721 0.384189
722 0.382271
723 0.383126
724 0.383978
725 0.384828
726 0.385675
727 0.38652
728 0.384615
729 0.38546
730 0.386301
731 0.387141
732 0.387978
733 0.386085
734 0.384196
735 0.385034
736 0.38587
737 0.386703
738 0.387534
739 0.388363
740 0.389189
741 0.390013
742 0.390836
743 0.391655
744 0.392473
745 0.390604
746 0.391421
747 0.392236
748 0.393048
749 0.393858
750 0.394667
751 0.395473
752 0.396277
753 0.397078
754 0.397878
755 0.398675
756 0.399471
757 0.400264
758 0.401055
759 0.401845
760 0.402632
761 0.403417
762 0.404199
763 0.402359
764 0.400524
765 0.401307
766 0.402089
767 0.400261
768 0.398438
769 0.39922
770 0.4
771 0.400778
772 0.401554
773 0.399741
774 0.400517
775 0.39871
776 0.399485
777 0.397683
778 0.395887
779 0.394095
780 0.394872
781 0.395647
782 0.396419
783 0.394636
784 0.395408
785 0.393631
786 0.391858
787 0.390089
788 0.388325
789 0.3891
790 0.389873
791 0.390645
792 0.388889
793 0.38966
794 0.390428
795 0.388679
796 0.389447
797 0.390213
798 0.390977
799 0.389237
800 0.3875
801 0.385768
802 0.386534
803 0.387298
804 0.38806
805 0.386335
806 0.387097
807 0.387856
808 0.386139
809 0.386897
810 0.385185
811 0.383477
812 0.381773
813 0.380074
814 0.380835
815 0.379141
816 0.379902
817 0.380661
818 0.381418
819 0.382173
820 0.382927
821 0.381242
822 0.381995
823 0.382746
824 0.383495
825 0.384242
826 0.384988
827 0.385732
828 0.384058
829 0.384801
830 0.383133
831 0.381468
832 0.382212
833 0.382953
834 0.381295
835 0.382036
836 0.380383
837 0.381123
838 0.381862
839 0.382598
840 0.383333
841 0.384067
842 0.384798
843 0.383155
844 0.383886
845 0.384615
846 0.382979
847 0.381346
848 0.382075
849 0.382803
850 0.381176
851 0.381904
852 0.380282
853 0.378664
854 0.377049
855 0.377778
856 0.376168
857 0.376896
858 0.377622
859 0.378347
860 0.37907
861 0.379791
862 0.37819
863 0.378911
864 0.37963
865 0.380347
866 0.381062
867 0.381776
868 0.382488
869 0.383199
870 0.383908
871 0.382319
872 0.383028
873 0.381443
874 0.382151
875 0.382857
876 0.383562
877 0.381984
878 0.38041
879 0.381115
880 0.379545
881 0.38025
882 0.378685
883 0.379388
884 0.38009
885 0.380791
886 0.38149
887 0.379932
888 0.378378
889 0.379078
890 0.377528
891 0.378227
892 0.376682
893 0.37738
894 0.378076
895 0.378771
896 0.379464
897 0.377926
898 0.378619
899 0.37931
900 0.377778
901 0.376249
902 0.37694
903 0.37763
904 0.376106
905 0.374586
906 0.375276
907 0.375965
908 0.376652
909 0.377338
910 0.378022
911 0.378705
912 0.377193
913 0.377875
914 0.378556
915 0.379235
916 0.377729
917 0.378408
918 0.379085
919 0.379761
920 0.380435
921 0.381107
922 0.37961
923 0.378115
924 0.376623
925 0.377297
926 0.37797
927 0.378641
928 0.37931
929 0.377826
930 0.378495
931 0.379162
932 0.377682
933 0.376206
934 0.376874
935 0.37754
936 0.376068
937 0.376734
938 0.377399
939 0.378062
940 0.376596
941 0.377258
942 0.375796
943 0.374337
944 0.375
945 0.375661
946 0.376321
947 0.37698
948 0.377637
949 0.378293
950 0.378947
951 0.377497
952 0.378151
953 0.376705
954 0.377358
955 0.375916
956 0.374477
957 0.375131
958 0.375783
959 0.376434
960 0.375
961 0.37565
962 0.376299
963 0.37487
964 0.375519
965 0.376166
966 0.376812
967 0.377456
968 0.376033
969 0.376677
970 0.375258
971 0.375901
972 0.374486
973 0.375128
974 0.37577
975 0.37641
976 0.375
977 0.37564
978 0.376278
979 0.376915
980 0.377551
981 0.376147
982 0.374745
983 0.373347
984 0.371951
985 0.370558
986 0.369168
987 0.367781
988 0.368421
989 0.36906
990 0.369697
991 0.368315
992 0.368952
993 0.367573
994 0.366197
995 0.364824
996 0.365462
997 0.366098
998 0.366733
999 0.367367
1000 0.368
1001 0.368631
1002 0.369261
1003 0.36989
1004 0.370518
1005 0.371144
1006 0.371769
1007 0.372393
1008 0.373016
1009 0.373637
1010 0.374257
1011 0.374876
1012 0.375494
1013 0.374136
1014 0.374753
1015 0.375369
1016 0.375984
1017 0.376598
1018 0.375246
1019 0.375859
1020 0.376471
1021 0.377081
1022 0.377691
1023 0.378299
1024 0.378906
1025 0.379512
1026 0.378168
1027 0.378773
1028 0.377432
1029 0.376093
1030 0.376699
1031 0.377304
1032 0.377907
1033 0.376573
1034 0.375242
1035 0.373913
1036 0.372587
1037 0.371263
1038 0.369942
1039 0.370549
1040 0.369231
1041 0.369837
1042 0.370441
1043 0.369128
1044 0.369732
1045 0.368421
1046 0.369025
1047 0.369628
1048 0.370229
1049 0.370829
1050 0.371429
1051 0.372027
1052 0.372624
1053 0.373219
1054 0.373814
1055 0.374408
1056 0.373106
1057 0.373699
1058 0.372401
1059 0.371105
1060 0.369811
1061 0.370405
1062 0.369115
1063 0.367827
1064 0.368421
1065 0.367136
1066 0.36773
1067 0.368322
1068 0.368914
1069 0.367633
1070 0.368224
1071 0.368814
1072 0.369403
1073 0.368127
1074 0.368715
1075 0.369302
1076 0.369888
1077 0.370474
1078 0.369202
1079 0.369787
1080 0.368519
1081 0.369103
1082 0.367837
1083 0.366574
1084 0.367159
1085 0.365899
1086 0.366483
1087 0.367065
1088 0.365809
1089 0.366391
1090 0.365138
1091 0.36572
1092 0.3663
1093 0.36688
1094 0.367459
1095 0.368037
1096 0.366788
1097 0.367366
1098 0.367942
1099 0.368517
1100 0.369091
1101 0.369664
1102 0.370236
1103 0.368994
1104 0.367754
1105 0.368326
1106 0.368897
1107 0.369467
1108 0.368231
1109 0.368801
1110 0.367568
1111 0.368137
1112 0.368705
1113 0.367475
1114 0.368043
1115 0.36861
1116 0.369176
1117 0.36974
1118 0.370304
1119 0.370867
1120 0.369643
1121 0.370205
1122 0.370766
1123 0.371327
1124 0.371886
1125 0.370667
1126 0.371226
1127 0.371783
1128 0.370567
1129 0.371125
1130 0.371681
1131 0.372237
1132 0.371025
1133 0.37158
1134 0.372134
1135 0.372687
1136 0.373239
1137 0.372032
1138 0.370826
1139 0.371378
1140 0.37193
1141 0.37248
1142 0.371278
1143 0.370079
1144 0.368881
1145 0.367686
1146 0.368237
1147 0.368788
1148 0.369338
1149 0.368146
1150 0.366957
1151 0.365769
1152 0.364583
1153 0.365134
1154 0.363951
1155 0.362771
1156 0.361592
1157 0.362143
1158 0.362694
1159 0.363244
1160 0.363793
1161 0.364341
1162 0.363167
1163 0.361995
1164 0.360825
1165 0.359657
1166 0.358491
1167 0.35904
1168 0.359589
1169 0.360137
1170 0.360684
1171 0.36123
1172 0.361775
1173 0.360614
1174 0.361158
1175 0.36
1176 0.360544
1177 0.359388
1178 0.359932
1179 0.358779
1180 0.357627
1181 0.356478
1182 0.35533
1183 0.355875
1184 0.356419
1185 0.356962
1186 0.357504
1187 0.358045
1188 0.358586
1189 0.359125
1190 0.359664
1191 0.360202
1192 0.360738
1193 0.359598
1194 0.360134
1195 0.358996
1196 0.359532
1197 0.360067
1198 0.360601
1199 0.359466
1200 0.36
1201 0.358868
1202 0.359401
1203 0.359933
1204 0.358804
1205 0.359336
1206 0.359867
1207 0.360398
1208 0.359272
1209 0.358147
1210 0.358678
1211 0.359207
1212 0.359736
1213 0.360264
1214 0.360791
1215 0.361317
1216 0.361842
1217 0.360723
1218 0.359606
1219 0.360131
1220 0.360656
1221 0.361179
1222 0.361702
1223 0.360589
1224 0.359477
1225 0.36
1226 0.360522
1227 0.359413
1228 0.359935
1229 0.360456
1230 0.360976
1231 0.361495
1232 0.362013
1233 0.360908
1234 0.361426
1235 0.361943
1236 0.36246
1237 0.361358
1238 0.360258
1239 0.359161
1240 0.359677
1241 0.360193
1242 0.360709
1243 0.359614
1244 0.360129
1245 0.360643
1246 0.361156
1247 0.360064
1248 0.358974
1249 0.359488
1250 0.3584
1251 0.358913
1252 0.359425
1253 0.35834
1254 0.357257
1255 0.357769
1256 0.35828
1257 0.358791
1258 0.357711
1259 0.356632
1260 0.357143
1261 0.357653
1262 0.356577
1263 0.357086
1264 0.357595
1265 0.356522
1266 0.35703
1267 0.357537
1268 0.356467
1269 0.356974
1270 0.35748
1271 0.357986
1272 0.358491
1273 0.358995
1274 0.357928
1275 0.356863
1276 0.355799
1277 0.354738
1278 0.355243
1279 0.355747
1280 0.354687
1281 0.355191
1282 0.354134
1283 0.353079
1284 0.352025
1285 0.352529
1286 0.353033
1287 0.353535
1288 0.352484
1289 0.351435
1290 0.351938
1291 0.35244
1292 0.351393
1293 0.350348
1294 0.35085
1295 0.351351
1296 0.351852
1297 0.352352
1298 0.352851
1299 0.351809
1300 0.350769
1301 0.351268
1302 0.35023
1303 0.349194
1304 0.34816
1305 0.348659
1306 0.347626
1307 0.348125
1308 0.347095
1309 0.347594
1310 0.348092
1311 0.348589
1312 0.349085
1313 0.349581
1314 0.350076
1315 0.349049
1316 0.348024
1317 0.348519
1318 0.349014
1319 0.347991
1320 0.348485
1321 0.348978
1322 0.34947
1323 0.349962
1324 0.350453
1325 0.349434
1326 0.349925
1327 0.348907
1328 0.349398
1329 0.349887
1330 0.348872
1331 0.349361
1332 0.348348
1333 0.347337
1334 0.347826
1335 0.348315
1336 0.348802
1337 0.347794
1338 0.346786
1339 0.34578
1340 0.344776
1341 0.345265
1342 0.345753
1343 0.34624
1344 0.346726
1345 0.345725
1346 0.346211
1347 0.346696
1348 0.347181
1349 0.346182
1350 0.346667
1351 0.34715
1352 0.346154
1353 0.346637
1354 0.345643
1355 0.344649
1356 0.343658
1357 0.344141
1358 0.344624
1359 0.345107
1360 0.345588
1361 0.346069
1362 0.346549
1363 0.347029
1364 0.347507
1365 0.347985
1366 0.348463
1367 0.347476
1368 0.347953
1369 0.34843
1370 0.348905
1371 0.34938
1372 0.348397
1373 0.348871
1374 0.347889
1375 0.348364
1376 0.348837
1377 0.347858
1378 0.34688
1379 0.347353
1380 0.346377
1381 0.34685
1382 0.345876
1383 0.346349
1384 0.345376
1385 0.344404
1386 0.343434
1387 0.342466
1388 0.342939
1389 0.343413
1390 0.343885
1391 0.344357
1392 0.343391
1393 0.342426
1394 0.342898
1395 0.341935
1396 0.340974
1397 0.340014
1398 0.339056
1399 0.338099
1400 0.338571
1401 0.337616
1402 0.336662
1403 0.335709
1404 0.334758
1405 0.335231
1406 0.334282
1407 0.334755
1408 0.333807
1409 0.33286
1410 0.333333
1411 0.332388
1412 0.331445
1413 0.331918
1414 0.330976
1415 0.331449
1416 0.330508
1417 0.330981
1418 0.330042
1419 0.329105
1420 0.329577
1421 0.328642
1422 0.327707
1423 0.32818
1424 0.328652
1425 0.329123
1426 0.328191
1427 0.328662
1428 0.329132
1429 0.328202
1430 0.328671
1431 0.327743
1432 0.328212
1433 0.328681
1434 0.329149
1435 0.328223
1436 0.327298
1437 0.326374
1438 0.326843
1439 0.325921
1440 0.326389
1441 0.326856
1442 0.325936
1443 0.325017
1444 0.325485
1445 0.325952
1446 0.326418
1447 0.325501
1448 0.325967
1449 0.325052
1450 0.325517
1451 0.325982
1452 0.326446
1453 0.32691
1454 0.327373
1455 0.327835
1456 0.328297
1457 0.328758
1458 0.327846
1459 0.328307
1460 0.327397
1461 0.327858
1462 0.328317
1463 0.328776
1464 0.329235
1465 0.329693
1466 0.33015
1467 0.330607
1468 0.331063
1469 0.331518
1470 0.330612
1471 0.329708
1472 0.330163
1473 0.330618
1474 0.331072
1475 0.330169
1476 0.330623
1477 0.329722
1478 0.330176
1479 0.330629
1480 0.32973
1481 0.328832
1482 0.329285
1483 0.329737
1484 0.328841
1485 0.327946
1486 0.327052
1487 0.327505
1488 0.327957
1489 0.328408
1490 0.328859
1491 0.329309
1492 0.329759
1493 0.330208
1494 0.329317
1495 0.329766
1496 0.328877
1497 0.327989
1498 0.328438
1499 0.327552
1500 0.326667
1501 0.327115
1502 0.327563
1503 0.328011
1504 0.327128
1505 0.327575
1506 0.328021
1507 0.32714
1508 0.327586
1509 0.328032
1510 0.328477
1511 0.328921
1512 0.328042
1513 0.327165
1514 0.327609
1515 0.328053
1516 0.327177
1517 0.326302
1518 0.325428
1519 0.325872
1520 0.326316
1521 0.325444
1522 0.325887
1523 0.325016
1524 0.325459
1525 0.32459
1526 0.325033
1527 0.324165
1528 0.324607
1529 0.323741
1530 0.324183
1531 0.323318
1532 0.322454
1533 0.321592
1534 0.322034
1535 0.322476
1536 0.322917
1537 0.322056
1538 0.321196
1539 0.321637
1540 0.322078
1541 0.322518
1542 0.32166
1543 0.320804
1544 0.319948
1545 0.320388
1546 0.320828
1547 0.321267
1548 0.321705
1549 0.320852
1550 0.32
1551 0.319149
1552 0.318299
1553 0.318738
1554 0.317889
1555 0.317042
1556 0.317481
1557 0.317919
1558 0.317073
1559 0.316228
1560 0.315385
1561 0.314542
1562 0.3137
1563 0.31286
1564 0.31202
1565 0.311182
1566 0.310345
1567 0.309509
1568 0.309949
1569 0.309114
1570 0.309554
1571 0.308721
1572 0.30916
1573 0.309599
1574 0.308767
1575 0.309206
1576 0.309645
1577 0.310082
1578 0.31052
1579 0.310956
1580 0.310127
1581 0.309298
1582 0.30847
1583 0.308907
1584 0.309343
1585 0.309779
1586 0.310214
1587 0.309389
1588 0.308564
1589 0.308999
1590 0.308176
1591 0.307354
1592 0.307789
1593 0.308223
1594 0.308657
1595 0.309091
1596 0.309524
1597 0.309956
1598 0.310388
1599 0.310819
1600 0.31
1601 0.310431
1602 0.310861
1603 0.311291
1604 0.311721
1605 0.31215
1606 0.311333
1607 0.311761
1608 0.312189
1609 0.312617
1610 0.311801
1611 0.310987
1612 0.311414
1613 0.310601
1614 0.311029
1615 0.311455
1616 0.311881
1617 0.312307
1618 0.312732
1619 0.311921
1620 0.311111
1621 0.311536
1622 0.311961
1623 0.312384
1624 0.311576
1625 0.310769
1626 0.311193
1627 0.311616
1628 0.312039
1629 0.312462
1630 0.312883
1631 0.312078
1632 0.3125
1633 0.312921
1634 0.312118
1635 0.311315
1636 0.311736
1637 0.312156
1638 0.312576
1639 0.312996
1640 0.313415
1641 0.312614
1642 0.313033
1643 0.313451
1644 0.312652
1645 0.31307
1646 0.313487
1647 0.313904
1648 0.313107
1649 0.313523
1650 0.312727
1651 0.313144
1652 0.313559
1653 0.312765
1654 0.31318
1655 0.312387
1656 0.312802
1657 0.313217
1658 0.312425
1659 0.311634
1660 0.312048
1661 0.311258
1662 0.311673
1663 0.310884
1664 0.310096
1665 0.310511
1666 0.310924
1667 0.310138
1668 0.310552
1669 0.309766
1670 0.308982
1671 0.309396
1672 0.308612
1673 0.30783
1674 0.307049
1675 0.306269
1676 0.306683
1677 0.305903
1678 0.305125
1679 0.305539
1680 0.305952
1681 0.305175
1682 0.305589
1683 0.306001
1684 0.306413
1685 0.305638
1686 0.304864
1687 0.305276
1688 0.304502
1689 0.304914
1690 0.305325
1691 0.305736
1692 0.306147
1693 0.306556
1694 0.306966
1695 0.307375
1696 0.306604
1697 0.305834
1698 0.306243
1699 0.305474
1700 0.304706
1701 0.303939
1702 0.303173
1703 0.303582
1704 0.302817
1705 0.303226
1706 0.302462
1707 0.302871
1708 0.302108
1709 0.302516
1710 0.302924
1711 0.302162
1712 0.30257
1713 0.302977
1714 0.303384
1715 0.30379
1716 0.304196
1717 0.304601
1718 0.303842
1719 0.303083
1720 0.303488
1721 0.303893
1722 0.303136
1723 0.30238
1724 0.301624
1725 0.30087
1726 0.301275
1727 0.301679
1728 0.302083
1729 0.302487
1730 0.30289
1731 0.303293
1732 0.30254
1733 0.302943
1734 0.303345
1735 0.303746
1736 0.304147
1737 0.304548
1738 0.303797
1739 0.304198
1740 0.304598
1741 0.304997
1742 0.305396
1743 0.305795
1744 0.306193
1745 0.30659
1746 0.306987
1747 0.306239
1748 0.306636
1749 0.305889
1750 0.306286
1751 0.30554
1752 0.305936
1753 0.306332
1754 0.305587
1755 0.305983
1756 0.306378
1757 0.305635
1758 0.30603
1759 0.306424
1760 0.306818
1761 0.306076
1762 0.305335
1763 0.305729
1764 0.304989
1765 0.304249
1766 0.304643
1767 0.305037
1768 0.30543
1769 0.304692
1770 0.303955
1771 0.303219
1772 0.303612
1773 0.302876
1774 0.303269
1775 0.302535
1776 0.302928
1777 0.302195
1778 0.301462
1779 0.300731
1780 0.301124
1781 0.301516
1782 0.301908
1783 0.301178
1784 0.300448
1785 0.30084
1786 0.301232
1787 0.300504
1788 0.300895
1789 0.300168
1790 0.300559
1791 0.299832
1792 0.300223
1793 0.300613
1794 0.301003
1795 0.301393
1796 0.301782
1797 0.301057
1798 0.301446
1799 0.301834
1800 0.302222
1801 0.30261
1802 0.302997
1803 0.303383
1804 0.302661
1805 0.303047
1806 0.303433
1807 0.303818
1808 0.304204
1809 0.303483
1810 0.302762
1811 0.303147
1812 0.302428
1813 0.302813
1814 0.303197
1815 0.303581
1816 0.303965
1817 0.304348
1818 0.30363
1819 0.304013
1820 0.304396
1821 0.304778
1822 0.305159
1823 0.30554
1824 0.304825
1825 0.30411
1826 0.303395
1827 0.303777
1828 0.304158
1829 0.303445
1830 0.303825
1831 0.303113
1832 0.302402
1833 0.302782
1834 0.302072
1835 0.302452
1836 0.302832
1837 0.302123
1838 0.301415
1839 0.301794
1840 0.301087
1841 0.30038
1842 0.299674
1843 0.300054
1844 0.300434
1845 0.300813
1846 0.300108
1847 0.300487
1848 0.300866
1849 0.301244
1850 0.300541
1851 0.299838
1852 0.300216
1853 0.300594
1854 0.300971
1855 0.301348
1856 0.300647
1857 0.301023
1858 0.301399
1859 0.300699
1860 0.301075
1861 0.300376
1862 0.299678
1863 0.300054
1864 0.299356
1865 0.299732
1866 0.300107
1867 0.300482
1868 0.300857
1869 0.300161
1870 0.299465
1871 0.298771
1872 0.299145
1873 0.299519
1874 0.299893
1875 0.2992
1876 0.299574
1877 0.298881
1878 0.29819
1879 0.298563
1880 0.298936
1881 0.298246
1882 0.298618
1883 0.297929
1884 0.29724
1885 0.296552
1886 0.296925
1887 0.297297
1888 0.29661
1889 0.295924
1890 0.295238
1891 0.295611
1892 0.294926
1893 0.295298
1894 0.295671
1895 0.294987
1896 0.295359
1897 0.29573
1898 0.296101
1899 0.296472
1900 0.296842
1901 0.29616
1902 0.29653
1903 0.295849
1904 0.296218
1905 0.295538
1906 0.294858
1907 0.295228
1908 0.295597
1909 0.294919
1910 0.294241
1911 0.293564
1912 0.293933
1913 0.294302
1914 0.293626
1915 0.29295
1916 0.293319
1917 0.292645
1918 0.293014
1919 0.29234
1920 0.292708
1921 0.292035
1922 0.292404
1923 0.292772
1924 0.293139
1925 0.293506
1926 0.293873
1927 0.293202
1928 0.293568
1929 0.292898
1930 0.292228
1931 0.291559
1932 0.291925
1933 0.291257
1934 0.291624
1935 0.290956
1936 0.290289
1937 0.289623
1938 0.28999
1939 0.290356
1940 0.290722
1941 0.291087
1942 0.291452
1943 0.290787
1944 0.291152
1945 0.291517
1946 0.291881
1947 0.292244
1948 0.291581
1949 0.291945
1950 0.292308
1951 0.29267
1952 0.293033
1953 0.293395
1954 0.292733
1955 0.293095
1956 0.293456
1957 0.292795
1958 0.292135
1959 0.291475
1960 0.290816
1961 0.291178
1962 0.291539
1963 0.290881
1964 0.290224
1965 0.290585
1966 0.290946
1967 0.291307
1968 0.29065
1969 0.289995
1970 0.290355
1971 0.290715
1972 0.291075
1973 0.291434
1974 0.29078
1975 0.290127
1976 0.289474
1977 0.289833
1978 0.290192
1979 0.290551
1980 0.290909
1981 0.290257
1982 0.290616
1983 0.290973
1984 0.291331
1985 0.291688
1986 0.292044
1987 0.292401
1988 0.292757
1989 0.292107
1990 0.292462
1991 0.292818
1992 0.292169
1993 0.29152
1994 0.290873
1995 0.290226
1996 0.289579
1997 0.288933
1998 0.288288
1999 0.287644
2000 0.288
2001 0.288356
2002 0.287712
2003 0.288068
2004 0.288423
2005 0.288778
2006 0.288136
2007 0.28849
2008 0.288845
2009 0.289199
2010 0.289552
2011 0.289906
2012 0.289264
2013 0.288624
2014 0.288977
2015 0.28933
2016 0.28869
2017 0.288052
2018 0.288404
2019 0.287766
2020 0.287129
2021 0.286492
2022 0.285856
2023 0.28522
2024 0.285573
2025 0.285926
2026 0.286278
2027 0.28663
2028 0.286982
2029 0.286348
2030 0.285714
2031 0.285081
2032 0.285433
2033 0.285785
2034 0.286136
2035 0.286486
2036 0.285855
2037 0.286205
2038 0.286555
2039 0.285924
2040 0.286275
2041 0.286624
2042 0.286974
2043 0.287323
2044 0.287671
2045 0.28802
2046 0.288368
2047 0.288715
2048 0.289062
2049 0.288433
2050 0.287805
2051 0.287177
2052 0.287524
2053 0.286897
2054 0.287244
2055 0.286618
2056 0.285992
2057 0.285367
2058 0.285714
2059 0.286061
2060 0.286408
2061 0.285784
2062 0.28613
2063 0.286476
2064 0.285853
2065 0.286199
2066 0.286544
2067 0.285922
2068 0.2853
2069 0.285645
2070 0.285024
2071 0.285369
2072 0.285714
2073 0.286059
2074 0.286403
2075 0.285783
2076 0.286127
2077 0.286471
2078 0.285852
2079 0.285233
2080 0.285577
2081 0.28592
2082 0.286263
2083 0.286606
2084 0.286948
2085 0.28729
2086 0.287632
2087 0.287015
2088 0.287356
2089 0.28674
2090 0.287081
2091 0.287422
2092 0.286807
2093 0.287148
2094 0.287488
2095 0.287828
2096 0.287214
2097 0.287554
2098 0.28694
2099 0.28728
2100 0.287619
2101 0.287958
2102 0.288297
2103 0.288635
2104 0.288973
2105 0.288361
2106 0.288699
2107 0.289037
2108 0.288425
2109 0.287814
2110 0.288152
2111 0.288489
2112 0.287879
2113 0.288216
2114 0.288553
2115 0.288889
2116 0.28828
2117 0.288616
2118 0.288952
2119 0.289287
2120 0.289623
2121 0.289958
2122 0.28935
2123 0.288742
2124 0.288136
2125 0.288471
2126 0.287865
2127 0.287259
2128 0.287594
2129 0.287929
2130 0.288263
2131 0.287658
2132 0.287992
2133 0.287389
2134 0.287723
2135 0.288056
2136 0.287453
2137 0.287787
2138 0.28812
2139 0.288453
2140 0.288785
2141 0.289117
2142 0.289449
2143 0.288847
2144 0.288246
2145 0.288578
2146 0.28891
2147 0.289241
2148 0.289572
2149 0.289902
2150 0.290233
2151 0.290563
2152 0.290892
2153 0.291222
2154 0.291551
2155 0.290951
2156 0.29128
2157 0.290682
2158 0.29101
2159 0.291339
2160 0.291667
2161 0.291994
2162 0.292322
2163 0.292649
2164 0.292976
2165 0.292379
2166 0.292705
2167 0.292109
2168 0.292435
2169 0.292762
2170 0.293088
2171 0.293413
2172 0.292818
2173 0.293143
2174 0.293468
2175 0.292874
2176 0.293199
2177 0.293523
2178 0.293848
2179 0.294172
2180 0.293578
2181 0.292985
2182 0.292392
2183 0.292716
2184 0.292125
2185 0.291533
2186 0.291857
2187 0.291267
2188 0.290676
2189 0.290087
2190 0.290411
2191 0.290735
2192 0.291058
2193 0.291382
2194 0.290793
2195 0.290205
2196 0.290528
2197 0.290851
2198 0.290264
2199 0.289677
2200 0.289091
2201 0.288505
2202 0.28792
2203 0.287335
2204 0.287659
2205 0.287982
2206 0.288305
2207 0.288627
2208 0.288043
2209 0.288366
2210 0.287783
2211 0.288105
2212 0.288427
2213 0.288748
2214 0.28907
2215 0.289391
2216 0.289711
2217 0.290032
2218 0.28945
2219 0.28977
2220 0.29009
2221 0.29041
2222 0.289829
2223 0.289249
2224 0.289568
2225 0.289888
2226 0.289308
2227 0.289627
2228 0.289048
2229 0.289367
2230 0.288789
2231 0.288212
2232 0.28853
2233 0.288849
2234 0.288272
2235 0.287696
2236 0.288014
2237 0.288333
2238 0.288651
2239 0.288968
2240 0.288393
2241 0.28871
2242 0.289028
2243 0.289345
2244 0.289661
2245 0.289087
2246 0.289403
2247 0.28883
2248 0.289146
2249 0.288573
2250 0.288889
2251 0.289205
2252 0.28952
2253 0.288948
2254 0.289264
2255 0.289579
2256 0.289007
2257 0.289322
2258 0.288751
2259 0.289066
2260 0.289381
2261 0.289695
2262 0.289125
2263 0.289439
2264 0.289753
2265 0.290066
2266 0.29038
2267 0.290693
2268 0.291005
2269 0.290436
2270 0.290749
2271 0.291061
2272 0.291373
2273 0.291685
2274 0.291117
2275 0.291429
2276 0.290861
2277 0.290294
2278 0.289728
2279 0.290039
2280 0.289474
2281 0.289785
2282 0.290096
2283 0.289531
2284 0.289842
2285 0.290153
2286 0.289589
2287 0.289899
2288 0.29021
2289 0.289646
2290 0.289956
2291 0.290266
2292 0.290576
2293 0.290885
2294 0.291194
2295 0.290632
2296 0.290941
2297 0.290379
2298 0.290688
2299 0.290996
2300 0.291304
2301 0.291612
2302 0.291051
2303 0.291359
2304 0.290799
2305 0.291106
2306 0.291414
2307 0.290854
2308 0.291161
2309 0.291468
2310 0.290909
2311 0.29035
2312 0.290657
2313 0.290099
2314 0.290406
2315 0.290713
2316 0.291019
2317 0.290462
2318 0.289905
2319 0.290211
2320 0.290517
2321 0.290823
2322 0.291128
2323 0.290573
2324 0.290017
2325 0.290323
2326 0.290628
2327 0.290933
2328 0.290378
2329 0.290683
2330 0.290987
2331 0.290433
2332 0.28988
2333 0.290184
2334 0.290488
2335 0.290792
2336 0.29024
2337 0.290543
2338 0.290847
2339 0.29115
2340 0.291453
2341 0.290901
2342 0.291204
2343 0.291507
2344 0.290956
2345 0.291258
2346 0.29156
2347 0.291862
2348 0.292164
2349 0.292465
2350 0.292766
2351 0.292216
2352 0.292517
2353 0.292818
2354 0.293118
2355 0.292569
2356 0.29202
2357 0.292321
2358 0.292621
2359 0.292921
2360 0.292373
2361 0.292673
2362 0.292125
2363 0.292425
2364 0.292724
2365 0.292178
2366 0.292477
2367 0.292776
2368 0.29223
2369 0.291684
2370 0.291983
2371 0.292282
2372 0.291737
2373 0.292035
2374 0.291491
2375 0.290947
2376 0.290404
2377 0.290703
2378 0.291001
2379 0.291299
2380 0.290756
2381 0.290214
2382 0.290512
2383 0.29081
2384 0.291107
2385 0.291405
2386 0.290863
2387 0.290323
2388 0.29062
2389 0.290917
2390 0.291213
2391 0.29151
2392 0.291806
2393 0.292102
2394 0.292398
2395 0.291858
2396 0.292154
2397 0.292449
2398 0.292744
2399 0.292205
2400 0.2925
2401 0.292795
2402 0.293089
2403 0.292551
2404 0.292845
2405 0.293139
2406 0.293433
2407 0.293727
2408 0.29402
2409 0.294313
2410 0.294606
2411 0.294898
2412 0.295191
2413 0.295483
2414 0.295775
2415 0.295238
2416 0.294702
2417 0.294994
2418 0.295285
2419 0.295577
2420 0.295868
2421 0.296159
2422 0.296449
2423 0.29674
2424 0.29703
2425 0.29732
2426 0.297609
2427 0.297899
2428 0.298188
2429 0.297653
2430 0.297942
2431 0.298231
2432 0.297697
2433 0.297986
2434 0.297453
2435 0.297741
2436 0.29803
2437 0.297497
2438 0.297785
2439 0.298073
2440 0.297541
2441 0.297009
2442 0.297297
2443 0.296766
2444 0.297054
2445 0.297342
2446 0.296811
2447 0.297098
2448 0.297386
2449 0.297673
2450 0.297959
2451 0.29743
2452 0.2969
2453 0.296372
2454 0.296659
2455 0.29613
2456 0.296417
2457 0.296703
2458 0.296176
2459 0.296462
2460 0.296748
2461 0.297034
2462 0.296507
2463 0.296793
2464 0.297078
2465 0.296552
2466 0.296026
2467 0.295501
2468 0.295786
2469 0.296071
2470 0.296356
2471 0.295832
2472 0.296117
2473 0.296401
2474 0.295877
2475 0.295354
2476 0.295638
2477 0.295115
2478 0.2954
2479 0.295684
2480 0.295968
2481 0.296252
2482 0.296535
2483 0.296818
2484 0.297101
2485 0.297384
2486 0.296862
2487 0.296341
2488 0.296624
2489 0.296103
2490 0.296386
2491 0.296668
2492 0.296148
2493 0.29643
2494 0.296712
2495 0.296192
2496 0.295673
2497 0.295154
2498 0.295436
2499 0.295718
2500 0.296
2501 0.296281
2502 0.296563
2503 0.296844
2504 0.297125
2505 0.297405
2506 0.296887
2507 0.297168
2508 0.296651
2509 0.296931
2510 0.296414
2511 0.295898
2512 0.295382
2513 0.294867
2514 0.294352
2515 0.294632
2516 0.294913
2517 0.295193
2518 0.294678
2519 0.294958
2520 0.295238
2521 0.294724
2522 0.294211
2523 0.294491
2524 0.293978
2525 0.293465
2526 0.293745
2527 0.294025
2528 0.293513
2529 0.293792
2530 0.294071
2531 0.29435
2532 0.294629
2533 0.294907
2534 0.294396
2535 0.294675
2536 0.294953
2537 0.294442
2538 0.293932
2539 0.29421
2540 0.294488
2541 0.294766
2542 0.294256
2543 0.294534
2544 0.294811
2545 0.294303
2546 0.29458
2547 0.294857
2548 0.295133
2549 0.29541
2550 0.294902
2551 0.295178
2552 0.295455
2553 0.295731
2554 0.295223
2555 0.295499
2556 0.294992
2557 0.295268
2558 0.295543
2559 0.295819
2560 0.296094
2561 0.296369
2562 0.296643
2563 0.296137
2564 0.295632
2565 0.295127
2566 0.295401
2567 0.294897
2568 0.295171
2569 0.295446
2570 0.294942
2571 0.294438
2572 0.294712
2573 0.294209
2574 0.294483
2575 0.293981
2576 0.293478
2577 0.293752
2578 0.294026
2579 0.2943
2580 0.294574
2581 0.294847
2582 0.294345
2583 0.294619
2584 0.294118
2585 0.293617
2586 0.293117
2587 0.29339
2588 0.29289
2589 0.293163
2590 0.292664
2591 0.292937
2592 0.292438
2593 0.292711
2594 0.292984
2595 0.293256
2596 0.292758
2597 0.29303
2598 0.293303
2599 0.293574
2600 0.293846
2601 0.294118
2602 0.294389
2603 0.293892
2604 0.294163
2605 0.293666
2606 0.293937
2607 0.294208
2608 0.294479
2609 0.294749
2610 0.294253
2611 0.294523
2612 0.294793
2613 0.295063
2614 0.294568
2615 0.294837
2616 0.294343
2617 0.294612
2618 0.294882
2619 0.295151
2620 0.29542
2621 0.295689
2622 0.295957
2623 0.295463
2624 0.295732
2625 0.295238
2626 0.294745
2627 0.294252
2628 0.294521
2629 0.294789
2630 0.295057
2631 0.294565
2632 0.294833
2633 0.294341
2634 0.294609
2635 0.294877
2636 0.295144
2637 0.294653
2638 0.29492
2639 0.295188
2640 0.294697
2641 0.294964
2642 0.294474
2643 0.293984
2644 0.294251
2645 0.293762
2646 0.293273
2647 0.29354
2648 0.293051
2649 0.293318
2650 0.293585
2651 0.293851
2652 0.293363
2653 0.29363
2654 0.293896
2655 0.293409
2656 0.293675
2657 0.293941
2658 0.293454
2659 0.293719
2660 0.293233
2661 0.293499
2662 0.293764
2663 0.294029
2664 0.294294
2665 0.293809
2666 0.294074
2667 0.293588
2668 0.293103
2669 0.293368
2670 0.293633
2671 0.293149
2672 0.292665
2673 0.292181
2674 0.291698
2675 0.291215
2676 0.29148
2677 0.291744
2678 0.292009
2679 0.291527
2680 0.291045
2681 0.291309
2682 0.290828
2683 0.291092
2684 0.291356
2685 0.29162
2686 0.291884
2687 0.291403
2688 0.290923
2689 0.290443
2690 0.289963
2691 0.290227
2692 0.289747
2693 0.290011
2694 0.290275
2695 0.289796
2696 0.290059
2697 0.290323
2698 0.289844
2699 0.290107
2700 0.29037
2701 0.290633
2702 0.290155
2703 0.289678
2704 0.289941
2705 0.290203
2706 0.290466
2707 0.289989
2708 0.289513
2709 0.289775
2710 0.290037
2711 0.290299
2712 0.29056
2713 0.290822
2714 0.290346
2715 0.289871
2716 0.290133
2717 0.290394
2718 0.290655
2719 0.290916
2720 0.291176
2721 0.290702
2722 0.290963
2723 0.291223
2724 0.291483
2725 0.291009
2726 0.291269
2727 0.291529
2728 0.291056
2729 0.291316
2730 0.291575
2731 0.291834
2732 0.291362
2733 0.290889
2734 0.291149
2735 0.290676
2736 0.290205
2737 0.289733
2738 0.289262
2739 0.288792
2740 0.289051
2741 0.288581
2742 0.288111
2743 0.28837
2744 0.287901
2745 0.28816
2746 0.287691
2747 0.28795
2748 0.28821
2749 0.287741
2750 0.287273
2751 0.287532
2752 0.287064
2753 0.286596
2754 0.286129
2755 0.285662
2756 0.285922
2757 0.286181
2758 0.286439
2759 0.286698
2760 0.286957
2761 0.287215
2762 0.286749
2763 0.286283
2764 0.285818
2765 0.285353
2766 0.284888
2767 0.284424
2768 0.28396
2769 0.284218
2770 0.284477
2771 0.284735
2772 0.284271
2773 0.284529
2774 0.284066
2775 0.283604
2776 0.283862
2777 0.283399
2778 0.282937
2779 0.282476
2780 0.282014
2781 0.281553
2782 0.281812
2783 0.281351
2784 0.280891
2785 0.281149
2786 0.280689
2787 0.280947
2788 0.281205
2789 0.281463
2790 0.281004
2791 0.280545
2792 0.280802
2793 0.28106
2794 0.281317
2795 0.281574
2796 0.281831
2797 0.282088
2798 0.282345
2799 0.282601
2800 0.282857
2801 0.283113
2802 0.282655
2803 0.282198
2804 0.282454
2805 0.281996
2806 0.282252
2807 0.282508
2808 0.282764
2809 0.283019
2810 0.283274
2811 0.283529
2812 0.283784
2813 0.284038
2814 0.283582
2815 0.283837
2816 0.284091
2817 0.284345
2818 0.283889
2819 0.284143
2820 0.284397
2821 0.284651
2822 0.284904
2823 0.284449
2824 0.284703
2825 0.284248
2826 0.284501
2827 0.284047
2828 0.2843
2829 0.284553
2830 0.284099
2831 0.283645
2832 0.283898
2833 0.283445
2834 0.282992
2835 0.28254
2836 0.282087
2837 0.281636
2838 0.281889
2839 0.282142
2840 0.282394
2841 0.281943
2842 0.282196
2843 0.282448
2844 0.2827
2845 0.282953
2846 0.283204
2847 0.283456
2848 0.283006
2849 0.283257
2850 0.283509
2851 0.283059
2852 0.28331
2853 0.283561
2854 0.283812
2855 0.283363
2856 0.283613
2857 0.283164
2858 0.283415
2859 0.283666
2860 0.283916
2861 0.284166
2862 0.284416
2863 0.283968
2864 0.28352
2865 0.28377
2866 0.28402
2867 0.284269
2868 0.283821
2869 0.283374
2870 0.283624
2871 0.283873
2872 0.284123
2873 0.283676
2874 0.283229
2875 0.283478
2876 0.283727
2877 0.283281
2878 0.282835
2879 0.283084
2880 0.283333
2881 0.282888
2882 0.283137
2883 0.282692
2884 0.28294
2885 0.283189
2886 0.282744
2887 0.282993
2888 0.283241
2889 0.283489
2890 0.283737
2891 0.283985
2892 0.284232
2893 0.28448
2894 0.284036
2895 0.283592
2896 0.28384
2897 0.284087
2898 0.283644
2899 0.283201
2900 0.283448
2901 0.283006
2902 0.283253
2903 0.282811
2904 0.282369
2905 0.281928
2906 0.281487
2907 0.281734
2908 0.281981
2909 0.28154
2910 0.281787
2911 0.282034
2912 0.28228
2913 0.28184
2914 0.2814
2915 0.281647
2916 0.281207
2917 0.280768
2918 0.280329
2919 0.280576
2920 0.280822
2921 0.281068
2922 0.28063
2923 0.280192
2924 0.279754
2925 0.279316
2926 0.279563
2927 0.279809
2928 0.279372
2929 0.279618
2930 0.279863
2931 0.280109
2932 0.280355
2933 0.279918
2934 0.279482
2935 0.279046
2936 0.279292
2937 0.278856
2938 0.279101
2939 0.278666
2940 0.278912
2941 0.278477
2942 0.278722
2943 0.278287
2944 0.277853
2945 0.277419
2946 0.276986
2947 0.276552
2948 0.276119
2949 0.275687
2950 0.275932
2951 0.2755
2952 0.275068
2953 0.274636
2954 0.274204
2955 0.273773
2956 0.274019
2957 0.273588
2958 0.273834
2959 0.274079
2960 0.273649
2961 0.273894
2962 0.273464
2963 0.273709
2964 0.273279
2965 0.273524
2966 0.273769
2967 0.27334
2968 0.273585
2969 0.27383
2970 0.274074
2971 0.273645
2972 0.27389
2973 0.273461
2974 0.273705
2975 0.27395
2976 0.274194
2977 0.273766
2978 0.274009
2979 0.274253
2980 0.273826
2981 0.273398
2982 0.273642
2983 0.273885
2984 0.274129
2985 0.274372
2986 0.274615
2987 0.274858
2988 0.2751
2989 0.274674
2990 0.274247
2991 0.27449
2992 0.274733
2993 0.274307
2994 0.273881
2995 0.274124
2996 0.273698
2997 0.273941
2998 0.274183
2999 0.274425
3000 0.274667
3001 0.274242
3002 0.274484
3003 0.274725
3004 0.274967
3005 0.275208
3006 0.275449
3007 0.27569
3008 0.275931
3009 0.276171
3010 0.276412
3011 0.276652
3012 0.276892
3013 0.277132
3014 0.276709
3015 0.276285
3016 0.276525
3017 0.276765
3018 0.277005
3019 0.277244
3020 0.276821
3021 0.276399
3022 0.275976
3023 0.275554
3024 0.275794
3025 0.275372
3026 0.27495
3027 0.274529
3028 0.274769
3029 0.275008
3030 0.275248
3031 0.275487
3032 0.275726
3033 0.275305
3034 0.274885
3035 0.274465
3036 0.274045
3037 0.274284
3038 0.274523
3039 0.274103
3040 0.274342
3041 0.274581
3042 0.274819
3043 0.275058
3044 0.274639
3045 0.274877
3046 0.274458
3047 0.27404
3048 0.274278
3049 0.274516
3050 0.274754
3051 0.274992
3052 0.275229
3053 0.274812
3054 0.274394
3055 0.273977
3056 0.274215
3057 0.273798
3058 0.274035
3059 0.273619
3060 0.273856
3061 0.274093
3062 0.273677
3063 0.273914
3064 0.273499
3065 0.273736
3066 0.273973
3067 0.274209
3068 0.273794
3069 0.273379
3070 0.273616
3071 0.273852
3072 0.274089
3073 0.273674
3074 0.27391
3075 0.273496
3076 0.273082
3077 0.273318
3078 0.273554
3079 0.27379
3080 0.274026
3081 0.274262
3082 0.274497
3083 0.274732
3084 0.274319
3085 0.274554
3086 0.274789
3087 0.274376
3088 0.273964
3089 0.274199
3090 0.273786
3091 0.274021
3092 0.273609
3093 0.273844
3094 0.274079
3095 0.274313
3096 0.273902
3097 0.27349
3098 0.273725
3099 0.273959
3100 0.273548
3101 0.273138
3102 0.273372
3103 0.273606
3104 0.27384
3105 0.274074
3106 0.274308
3107 0.274541
3108 0.274131
3109 0.273721
3110 0.273955
3111 0.273545
3112 0.273136
3113 0.272727
3114 0.272961
3115 0.272552
3116 0.272786
3117 0.273019
3118 0.272611
3119 0.272844
3120 0.273077
3121 0.27331
3122 0.273543
3123 0.273775
3124 0.273367
3125 0.2736
3126 0.273832
3127 0.274065
3128 0.274297
3129 0.274529
3130 0.274121
3131 0.273714
3132 0.273308
3133 0.272901
3134 0.273133
3135 0.272727
3136 0.272959
3137 0.273191
3138 0.273423
3139 0.273654
3140 0.273885
3141 0.27348
3142 0.273711
3143 0.273306
3144 0.273537
3145 0.273768
3146 0.273999
3147 0.274229
3148 0.27446
3149 0.27469
3150 0.274921
3151 0.275151
3152 0.275381
3153 0.275611
3154 0.27584
3155 0.27607
3156 0.275665
3157 0.275895
3158 0.275491
3159 0.275087
3160 0.275316
3161 0.274913
3162 0.275142
3163 0.275371
3164 0.275601
3165 0.275829
3166 0.276058
3167 0.275655
3168 0.275884
3169 0.275481
3170 0.27571
3171 0.275938
3172 0.276166
3173 0.276395
3174 0.276623
3175 0.27685
3176 0.276448
3177 0.276676
3178 0.276904
3179 0.277131
3180 0.277358
3181 0.276957
3182 0.277184
3183 0.277411
3184 0.277638
3185 0.277865
3186 0.278092
3187 0.278318
3188 0.278545
3189 0.278771
3190 0.278997
3191 0.279223
3192 0.278822
3193 0.278422
3194 0.278647
3195 0.278247
3196 0.277847
3197 0.277448
3198 0.277674
3199 0.277899
3200 0.278125
3201 0.278351
3202 0.278576
3203 0.278801
3204 0.278402
3205 0.278627
3206 0.278228
3207 0.27783
3208 0.278055
3209 0.27828
3210 0.278505
3211 0.278729
3212 0.278331
3213 0.278556
3214 0.27878
3215 0.279005
3216 0.278607
3217 0.278831
3218 0.278434
3219 0.278037
3220 0.27764
3221 0.277243
3222 0.277467
3223 0.277692
3224 0.277295
3225 0.277519
3226 0.277743
3227 0.277347
3228 0.276952
3229 0.276556
3230 0.27678
3231 0.277004
3232 0.277228
3233 0.276833
3234 0.276438
3235 0.276043
3236 0.276267
3237 0.276491
3238 0.276096
3239 0.275702
3240 0.275926
3241 0.275532
3242 0.275756
3243 0.275979
3244 0.275586
3245 0.275809
3246 0.276032
3247 0.276255
3248 0.276478
3249 0.276701
3250 0.276308
3251 0.275915
3252 0.275523
3253 0.275745
3254 0.275968
3255 0.27619
3256 0.276413
3257 0.276635
3258 0.276243
3259 0.276465
3260 0.276687
3261 0.276296
3262 0.276517
3263 0.276739
3264 0.276961
3265 0.27657
3266 0.276179
3267 0.2764
3268 0.276622
3269 0.276843
3270 0.277064
3271 0.276674
3272 0.276895
3273 0.277116
3274 0.277337
3275 0.277557
3276 0.277778
3277 0.277998
3278 0.278218
3279 0.277829
3280 0.278049
3281 0.278269
3282 0.277879
3283 0.27749
3284 0.27771
3285 0.27793
3286 0.277541
3287 0.277761
3288 0.277981
3289 0.2782
3290 0.278419
3291 0.278031
3292 0.277643
3293 0.277862
3294 0.278081
3295 0.2783
3296 0.277913
3297 0.277525
3298 0.277744
3299 0.277357
3300 0.277576
3301 0.277795
3302 0.277408
3303 0.277626
3304 0.27724
3305 0.276853
3306 0.277072
3307 0.277291
3308 0.277509
3309 0.277727
3310 0.277946
3311 0.278164
3312 0.277778
3313 0.277392
3314 0.27761
3315 0.277225
3316 0.27684
3317 0.276455
3318 0.27607
3319 0.275685
3320 0.275904
3321 0.276122
3322 0.27634
3323 0.276557
3324 0.276775
3325 0.276992
3326 0.27721
3327 0.277427
3328 0.277644
3329 0.277861
3330 0.277477
3331 0.277694
3332 0.277911
3333 0.278128
3334 0.278344
3335 0.277961
3336 0.278177
3337 0.278394
3338 0.278011
3339 0.278227
3340 0.278443
3341 0.27806
3342 0.277678
3343 0.277894
3344 0.277512
3345 0.27713
3346 0.276748
3347 0.276964
3348 0.27718
3349 0.277396
3350 0.277015
3351 0.277231
3352 0.277446
3353 0.277662
3354 0.277281
3355 0.277496
3356 0.277116
3357 0.277331
3358 0.277546
3359 0.277761
3360 0.277381
3361 0.277596
3362 0.277216
3363 0.277431
3364 0.277051
3365 0.276672
3366 0.276292
3367 0.276507
3368 0.276722
3369 0.276343
3370 0.275964
3371 0.276179
3372 0.275801
3373 0.276015
3374 0.27623
3375 0.275852
3376 0.275474
3377 0.275688
3378 0.275311
3379 0.275525
3380 0.27574
3381 0.275362
3382 0.275577
3383 0.275791
3384 0.275414
3385 0.275037
3386 0.27466
3387 0.274875
3388 0.275089
3389 0.274712
3390 0.274926
3391 0.27514
3392 0.274764
3393 0.274388
3394 0.274013
3395 0.274227
3396 0.274441
3397 0.274065
3398 0.27369
3399 0.273316
3400 0.272941
3401 0.272567
3402 0.272781
3403 0.272994
3404 0.273208
3405 0.272834
3406 0.273048
3407 0.272674
3408 0.272887
3409 0.272514
3410 0.272141
3411 0.271768
3412 0.271395
3413 0.271023
3414 0.27065
3415 0.270278
3416 0.270492
3417 0.27012
3418 0.270334
3419 0.269962
3420 0.270175
3421 0.269804
3422 0.269433
3423 0.269062
3424 0.269276
3425 0.268905
3426 0.268535
3427 0.268748
3428 0.268378
3429 0.268591
3430 0.268805
3431 0.268435
3432 0.268648
3433 0.268278
3434 0.268492
3435 0.268122
3436 0.268335
3437 0.267966
3438 0.268179
3439 0.268392
3440 0.268605
3441 0.268817
3442 0.26903
3443 0.269242
3444 0.268873
3445 0.268505
3446 0.268717
3447 0.26893
3448 0.268561
3449 0.268194
3450 0.268406
3451 0.268618
3452 0.26825
3453 0.268462
3454 0.268674
3455 0.268307
3456 0.268519
3457 0.26873
3458 0.268942
3459 0.268575
3460 0.268208
3461 0.267842
3462 0.267475
3463 0.267109
3464 0.266744
3465 0.266955
3466 0.267167
3467 0.267378
3468 0.267589
3469 0.267224
3470 0.267435
3471 0.267646
3472 0.267857
3473 0.268068
3474 0.268279
3475 0.267914
3476 0.268124
3477 0.268335
3478 0.268545
3479 0.268181
3480 0.268391
3481 0.268026
3482 0.268237
3483 0.268447
3484 0.268657
3485 0.268293
3486 0.267929
3487 0.267565
3488 0.267202
3489 0.266839
3490 0.266476
3491 0.266686
3492 0.266323
3493 0.26596
3494 0.266171
3495 0.265808
3496 0.266018
3497 0.265656
3498 0.265294
3499 0.264933
3500 0.265143
3501 0.265353
3502 0.264991
3503 0.265201
3504 0.26484
3505 0.26505
3506 0.26526
3507 0.265469
3508 0.265108
3509 0.264748
3510 0.264957
3511 0.264597
3512 0.264806
3513 0.264446
3514 0.264656
3515 0.264865
3516 0.264505
3517 0.264714
3518 0.264355
3519 0.263995
3520 0.264205
3521 0.264414
3522 0.264622
3523 0.264263
3524 0.263905
3525 0.263546
3526 0.263755
3527 0.263397
3528 0.263605
3529 0.263247
3530 0.263456
3531 0.263098
3532 0.263307
3533 0.263515
3534 0.263724
3535 0.263932
3536 0.26414
3537 0.263783
3538 0.263426
3539 0.263634
3540 0.263277
3541 0.263485
3542 0.263693
3543 0.263901
3544 0.264108
3545 0.264316
3546 0.263959
3547 0.264167
3548 0.263811
3549 0.263454
3550 0.263662
3551 0.263306
3552 0.26295
3553 0.262595
3554 0.262802
3555 0.262447
3556 0.262655
3557 0.262862
3558 0.262507
3559 0.262714
3560 0.262921
3561 0.262567
3562 0.262774
3563 0.262981
3564 0.262626
3565 0.262833
3566 0.26304
3567 0.262686
3568 0.262892
3569 0.263099
3570 0.262745
3571 0.262952
3572 0.263158
3573 0.262804
3574 0.263011
3575 0.262657
3576 0.262864
3577 0.26251
3578 0.262158
3579 0.261805
3580 0.262011
3581 0.261659
3582 0.261307
3583 0.261513
3584 0.261719
3585 0.261367
3586 0.261573
3587 0.261779
3588 0.261427
3589 0.261633
3590 0.261838
3591 0.262044
3592 0.262249
3593 0.262455
3594 0.26266
3595 0.262865
3596 0.26307
3597 0.262719
3598 0.262924
3599 0.263129
3600 0.263333
3601 0.262983
3602 0.263187
3603 0.263392
3604 0.263041
3605 0.263245
3606 0.26345
3607 0.2631
3608 0.263304
3609 0.262954
3610 0.263158
3611 0.263362
3612 0.263566
3613 0.26377
3614 0.263973
3615 0.264177
3616 0.263827
3617 0.264031
3618 0.263682
3619 0.263332
3620 0.262983
3621 0.263187
3622 0.26339
3623 0.263594
3624 0.263797
3625 0.263448
3626 0.263651
3627 0.263854
3628 0.263506
3629 0.263709
3630 0.263361
3631 0.263013
3632 0.262665
3633 0.262318
3634 0.262521
3635 0.262173
3636 0.262376
3637 0.262029
3638 0.262232
3639 0.261885
3640 0.262088
3641 0.262291
3642 0.261944
3643 0.261598
3644 0.261251
3645 0.260905
3646 0.261108
3647 0.261311
3648 0.260965
3649 0.260619
3650 0.260274
3651 0.259929
3652 0.259584
3653 0.259786
3654 0.259989
3655 0.259644
3656 0.2593
3657 0.259502
3658 0.259705
3659 0.259907
3660 0.259563
3661 0.259219
3662 0.259421
3663 0.259077
3664 0.258734
3665 0.25839
3666 0.258592
3667 0.258795
3668 0.258997
3669 0.258654
3670 0.258856
3671 0.258513
3672 0.258715
3673 0.258372
3674 0.258574
3675 0.258776
3676 0.258977
3677 0.258635
3678 0.258293
3679 0.258494
3680 0.258152
3681 0.258354
3682 0.258555
3683 0.258756
3684 0.258415
3685 0.258073
3686 0.258275
3687 0.258476
3688 0.258677
3689 0.258878
3690 0.258537
3691 0.258196
3692 0.257855
3693 0.257514
3694 0.257174
3695 0.257375
3696 0.257576
3697 0.257236
3698 0.257436
3699 0.257097
3700 0.256757
3701 0.256417
3702 0.256618
3703 0.256279
3704 0.25594
3705 0.25614
3706 0.255801
3707 0.256002
3708 0.256203
3709 0.255864
3710 0.255526
3711 0.255726
3712 0.255388
3713 0.25505
3714 0.25525
3715 0.255451
3716 0.255113
3717 0.255313
3718 0.255514
3719 0.255714
3720 0.255914
3721 0.255576
3722 0.255239
3723 0.254902
3724 0.254565
3725 0.254765
3726 0.254428
3727 0.254628
3728 0.254292
3729 0.254492
3730 0.254692
3731 0.254891
3732 0.255091
3733 0.254755
3734 0.254419
3735 0.254618
3736 0.254818
3737 0.255017
3738 0.254682
3739 0.254881
3740 0.25508
3741 0.255279
3742 0.254944
3743 0.255143
3744 0.254808
3745 0.255007
3746 0.255206
3747 0.255404
3748 0.255069
3749 0.255268
3750 0.255467
3751 0.255665
3752 0.25533
3753 0.255529
3754 0.255727
3755 0.255925
3756 0.256124
3757 0.256322
3758 0.256519
3759 0.256717
3760 0.256383
3761 0.256049
3762 0.256247
3763 0.255913
3764 0.255579
3765 0.255246
3766 0.254912
3767 0.25511
3768 0.255308
3769 0.255505
3770 0.255703
3771 0.2559
3772 0.255567
3773 0.255765
3774 0.255962
3775 0.255629
3776 0.255826
3777 0.256023
3778 0.255691
3779 0.255359
3780 0.255556
3781 0.255223
3782 0.25542
3783 0.255089
3784 0.255285
3785 0.255482
3786 0.255151
3787 0.254819
3788 0.254488
3789 0.254157
3790 0.254354
3791 0.254023
3792 0.253692
3793 0.253361
3794 0.253558
3795 0.253755
3796 0.253425
3797 0.253621
3798 0.253818
3799 0.254014
3800 0.253684
3801 0.253881
3802 0.253551
3803 0.253747
3804 0.253943
3805 0.254139
3806 0.25381
3807 0.25348
3808 0.253151
3809 0.253347
3810 0.253543
3811 0.253739
3812 0.253935
3813 0.254131
3814 0.253802
3815 0.253997
3816 0.253669
3817 0.253864
3818 0.25406
3819 0.254255
3820 0.253927
3821 0.253599
3822 0.253794
3823 0.253989
3824 0.254184
3825 0.253856
3826 0.253528
3827 0.253201
3828 0.253396
3829 0.253591
3830 0.253786
3831 0.253459
3832 0.253653
3833 0.253848
3834 0.254043
3835 0.254237
3836 0.254432
3837 0.254626
3838 0.25482
3839 0.254493
3840 0.254688
3841 0.254361
3842 0.254555
3843 0.254228
3844 0.254422
3845 0.254616
3846 0.25481
3847 0.255004
3848 0.255198
3849 0.254871
3850 0.255065
3851 0.255258
3852 0.255452
3853 0.255645
3854 0.255838
3855 0.256031
3856 0.255705
3857 0.25538
3858 0.255573
3859 0.255247
3860 0.25544
3861 0.255115
3862 0.255308
3863 0.254983
3864 0.255176
3865 0.255369
3866 0.255561
3867 0.255754
3868 0.255429
3869 0.255105
3870 0.255297
3871 0.254973
3872 0.255165
3873 0.254841
3874 0.255034
3875 0.255226
3876 0.255418
3877 0.255094
3878 0.255286
3879 0.255478
3880 0.25567
3881 0.255862
3882 0.256054
3883 0.25573
3884 0.255922
3885 0.255598
3886 0.25579
3887 0.255981
3888 0.255658
3889 0.25585
3890 0.256041
3891 0.256232
3892 0.256423
3893 0.256101
3894 0.255778
3895 0.255456
3896 0.255647
3897 0.255838
3898 0.256029
3899 0.25622
3900 0.25641
3901 0.256088
3902 0.256279
3903 0.256469
3904 0.25666
3905 0.256338
3906 0.256016
3907 0.256207
3908 0.256397
3909 0.256587
3910 0.256266
3911 0.256456
3912 0.256135
3913 0.256325
3914 0.256004
3915 0.256194
3916 0.256384
3917 0.256063
3918 0.256253
3919 0.256443
3920 0.256633
3921 0.256822
3922 0.256502
3923 0.256691
3924 0.256371
3925 0.256051
3926 0.25624
3927 0.25643
3928 0.256619
3929 0.256808
3930 0.256997
3931 0.256678
3932 0.256867
3933 0.256547
3934 0.256228
3935 0.255909
3936 0.255589
3937 0.255271
3938 0.25546
3939 0.255141
3940 0.25533
3941 0.255011
3942 0.254693
3943 0.254375
3944 0.254564
3945 0.254246
3946 0.254435
3947 0.254624
3948 0.254813
3949 0.255001
3950 0.25519
3951 0.255378
3952 0.255567
3953 0.255249
3954 0.254932
3955 0.25512
3956 0.255308
3957 0.255497
3958 0.255685
3959 0.255873
3960 0.255556
3961 0.255743
3962 0.255931
3963 0.256119
3964 0.256307
3965 0.25599
3966 0.255673
3967 0.255357
3968 0.255544
3969 0.255732
3970 0.255919
3971 0.255603
3972 0.255287
3973 0.254971
3974 0.255159
3975 0.255346
3976 0.255533
3977 0.25572
3978 0.255405
3979 0.255089
3980 0.254774
3981 0.254961
3982 0.254646
3983 0.254833
3984 0.25502
3985 0.254705
3986 0.25439
3987 0.254577
3988 0.254263
3989 0.253948
3990 0.254135
3991 0.254322
3992 0.254509
3993 0.254696
3994 0.254882
3995 0.254568
3996 0.254755
3997 0.254441
3998 0.254127
3999 0.253813
4000 0.254
4001 0.254186
4002 0.254373
4003 0.254559
4004 0.254246
4005 0.253933
4006 0.25362
4007 0.253806
4008 0.253992
4009 0.254178
4010 0.253865
4011 0.253553
4012 0.253739
4013 0.253925
4014 0.254111
4015 0.254296
4016 0.253984
4017 0.25417
4018 0.254355
4019 0.254043
4020 0.253731
4021 0.253917
4022 0.253605
4023 0.253294
4024 0.252982
4025 0.253168
4026 0.252856
4027 0.253042
4028 0.253227
4029 0.253413
4030 0.253598
4031 0.253287
4032 0.253472
4033 0.253657
4034 0.253842
4035 0.253532
4036 0.253221
4037 0.253406
4038 0.253096
4039 0.253281
4040 0.253465
4041 0.253155
4042 0.252845
4043 0.25303
4044 0.253215
4045 0.253399
4046 0.253584
4047 0.253274
4048 0.253458
4049 0.253149
4050 0.253333
4051 0.253518
4052 0.253208
4053 0.252899
4054 0.253083
4055 0.252774
4056 0.252465
4057 0.25265
4058 0.252341
4059 0.252033
4060 0.252217
4061 0.251908
4062 0.252093
4063 0.251784
4064 0.251969
4065 0.251661
4066 0.251845
4067 0.251537
4068 0.251721
4069 0.251905
4070 0.251597
4071 0.25129
4072 0.251473
4073 0.251657
4074 0.251841
4075 0.251534
4076 0.251227
4077 0.25092
4078 0.250613
4079 0.250306
4080 0.25
4081 0.250184
4082 0.249878
4083 0.250061
4084 0.249755
4085 0.249939
4086 0.250122
4087 0.249816
4088 0.249511
4089 0.249694
4090 0.249878
4091 0.250061
4092 0.250244
4093 0.249939
4094 0.249634
4095 0.249817
4096 0.249512
4097 0.249695
4098 0.249878
4099 0.250061
4100 0.250244
4101 0.250427
4102 0.250609
4103 0.250792
4104 0.250975
4105 0.251157
4106 0.25134
4107 0.251035
4108 0.25073
4109 0.250426
4110 0.250122
4111 0.250304
4112 0.250486
4113 0.250669
4114 0.250851
4115 0.251033
4116 0.251215
4117 0.250911
4118 0.250607
4119 0.250303
4120 0.25
4121 0.249697
4122 0.249879
4123 0.250061
4124 0.249758
4125 0.249939
4126 0.250121
4127 0.249818
4128 0.249516
4129 0.249213
4130 0.249395
4131 0.249092
4132 0.249274
4133 0.248972
4134 0.249153
4135 0.249335
4136 0.249516
4137 0.249698
4138 0.249396
4139 0.249094
4140 0.248792
4141 0.248491
4142 0.248189
4143 0.247888
4144 0.247587
4145 0.247286
4146 0.246985
4147 0.247167
4148 0.247348
4149 0.24753
4150 0.247229
4151 0.24741
4152 0.247592
4153 0.247291
4154 0.246991
4155 0.246691
4156 0.246391
4157 0.246091
4158 0.246272
4159 0.246453
4160 0.246635
4161 0.246816
4162 0.246997
4163 0.247178
4164 0.246878
4165 0.247059
4166 0.24724
4167 0.24742
4168 0.247601
4169 0.247781
4170 0.247482
4171 0.247183
4172 0.247363
4173 0.247544
4174 0.247245
4175 0.246946
4176 0.246648
4177 0.246349
4178 0.246529
4179 0.24671
4180 0.24689
4181 0.24707
4182 0.246772
4183 0.246952
4184 0.247132
4185 0.246834
4186 0.247014
4187 0.247194
4188 0.246896
4189 0.246598
4190 0.246301
4191 0.246003
4192 0.246183
4193 0.246363
4194 0.246066
4195 0.245769
4196 0.245949
4197 0.246128
4198 0.245831
4199 0.245535
4200 0.245238
4201 0.244942
4202 0.245121
4203 0.245301
4204 0.24548
4205 0.245184
4206 0.245364
4207 0.245543
4208 0.245722
4209 0.245426
4210 0.245606
4211 0.245785
4212 0.245964
4213 0.245668
4214 0.245373
4215 0.245077
4216 0.245256
4217 0.245435
4218 0.24514
4219 0.244845
4220 0.24455
4221 0.244255
4222 0.24396
4223 0.244139
4224 0.243845
4225 0.24355
4226 0.243256
4227 0.242962
4228 0.243141
4229 0.24332
4230 0.243026
4231 0.243205
4232 0.242911
4233 0.24309
4234 0.243269
4235 0.242975
4236 0.242682
4237 0.242388
4238 0.242095
4239 0.242274
4240 0.241981
4241 0.24216
4242 0.242339
4243 0.242046
4244 0.242224
4245 0.242403
4246 0.24211
4247 0.241818
4248 0.241525
4249 0.241704
4250 0.241882
4251 0.24159
4252 0.241298
4253 0.241006
4254 0.241185
4255 0.241363
4256 0.241071
4257 0.24125
4258 0.241428
4259 0.241606
4260 0.241784
4261 0.241493
4262 0.241201
4263 0.241379
4264 0.241088
4265 0.241266
4266 0.240975
4267 0.240684
4268 0.240394
4269 0.240572
4270 0.240281
4271 0.239991
4272 0.2397
4273 0.23941
4274 0.239588
4275 0.239298
4276 0.239476
4277 0.239654
4278 0.239364
4279 0.239542
4280 0.23972
4281 0.239897
4282 0.240075
4283 0.239785
4284 0.239963
4285 0.24014
4286 0.239851
4287 0.239561
4288 0.239272
4289 0.23945
4290 0.239627
4291 0.239338
4292 0.239049
4293 0.238761
4294 0.238472
4295 0.238184
4296 0.238361
4297 0.238073
4298 0.237785
4299 0.237497
4300 0.237209
4301 0.236922
4302 0.237099
4303 0.237276
4304 0.237454
4305 0.237631
4306 0.237808
4307 0.23752
4308 0.237233
4309 0.23741
4310 0.237123
4311 0.236836
4312 0.236549
4313 0.236262
4314 0.236439
4315 0.236153
4316 0.235867
4317 0.23558
4318 0.235757
4319 0.235471
4320 0.235648
4321 0.235362
4322 0.235539
4323 0.235253
4324 0.234968
4325 0.234682
4326 0.234859
4327 0.235036
4328 0.23475
4329 0.234465
4330 0.23418
4331 0.234357
4332 0.234072
4333 0.234249
4334 0.233964
4335 0.234141
4336 0.234317
4337 0.234033
4338 0.234209
4339 0.233925
4340 0.233641
4341 0.233817
4342 0.233994
4343 0.233709
4344 0.233425
4345 0.233142
4346 0.233318
4347 0.233494
4348 0.233211
4349 0.233387
4350 0.233103
4351 0.23282
4352 0.232996
4353 0.232713
4354 0.232889
4355 0.232606
4356 0.232782
4357 0.232499
4358 0.232217
4359 0.232393
4360 0.232569
4361 0.232286
4362 0.232462
4363 0.23218
4364 0.231897
4365 0.232073
4366 0.231791
4367 0.231509
4368 0.231685
4369 0.231861
4370 0.232037
4371 0.232212
4372 0.232388
4373 0.232563
4374 0.232282
4375 0.232457
4376 0.232633
4377 0.232351
4378 0.232526
4379 0.232702
4380 0.232877
4381 0.233052
4382 0.23277
4383 0.232489
4384 0.232664
4385 0.232839
4386 0.233014
4387 0.232733
4388 0.232452
4389 0.232171
4390 0.231891
4391 0.232066
4392 0.231785
4393 0.231505
4394 0.23168
4395 0.231854
4396 0.232029
4397 0.231749
4398 0.231924
4399 0.232098
4400 0.232273
4401 0.232447
4402 0.232622
4403 0.232796
4404 0.23297
4405 0.23269
4406 0.232864
4407 0.233038
4408 0.233212
4409 0.232933
4410 0.233107
4411 0.232827
4412 0.233001
4413 0.233175
4414 0.232895
4415 0.232616
4416 0.232337
4417 0.232058
4418 0.231779
4419 0.231953
4420 0.231674
4421 0.231396
4422 0.231117
4423 0.230839
4424 0.231013
4425 0.231186
4426 0.230908
4427 0.231082
4428 0.231256
4429 0.231429
4430 0.231151
4431 0.230873
4432 0.231047
4433 0.230769
4434 0.230492
4435 0.230665
4436 0.230839
4437 0.230561
4438 0.230735
4439 0.230908
4440 0.231081
4441 0.230804
4442 0.230977
4443 0.2307
4444 0.230423
4445 0.230596
4446 0.230319
4447 0.230492
4448 0.230216
4449 0.230389
4450 0.230562
4451 0.230735
4452 0.230458
4453 0.230182
4454 0.229906
4455 0.22963
4456 0.229803
4457 0.229527
4458 0.229699
4459 0.229872
4460 0.229596
4461 0.229769
4462 0.229942
4463 0.229666
4464 0.229839
4465 0.229563
4466 0.229736
4467 0.229908
4468 0.230081
4469 0.229805
4470 0.229978
4471 0.229703
4472 0.229875
4473 0.2296
4474 0.229772
4475 0.229944
4476 0.229669
4477 0.229841
4478 0.229567
4479 0.229292
4480 0.229018
4481 0.228744
4482 0.228916
4483 0.229088
4484 0.228814
4485 0.228986
4486 0.228712
4487 0.228438
4488 0.228164
4489 0.228336
4490 0.228062
4491 0.228234
4492 0.228406
4493 0.228578
4494 0.228749
4495 0.228476
4496 0.228203
4497 0.228374
4498 0.228546
4499 0.228273
4500 0.228444
4501 0.228172
4502 0.227899
4503 0.227626
4504 0.227353
4505 0.227081
4506 0.226809
4507 0.226536
4508 0.226708
4509 0.22688
4510 0.226608
4511 0.226779
4512 0.226507
4513 0.226235
4514 0.225964
4515 0.226135
4516 0.225864
4517 0.225592
4518 0.225321
4519 0.22505
4520 0.224779
4521 0.22495
4522 0.225122
4523 0.224851
4524 0.22458
4525 0.224309
4526 0.224039
4527 0.22421
4528 0.22394
4529 0.22367
4530 0.223841
4531 0.224012
4532 0.224184
4533 0.224355
4534 0.224085
4535 0.224256
4536 0.224427
4537 0.224598
4538 0.224769
4539 0.224939
4540 0.22467
4541 0.2244
4542 0.224571
4543 0.224301
4544 0.224032
4545 0.223762
4546 0.223933
4547 0.224104
4548 0.224274
4549 0.224005
4550 0.223736
4551 0.223907
4552 0.223638
4553 0.223369
4554 0.223101
4555 0.223271
4556 0.223003
4557 0.222734
4558 0.222905
4559 0.223075
4560 0.223246
4561 0.222977
4562 0.223148
4563 0.223318
4564 0.22305
4565 0.22322
4566 0.22339
4567 0.22356
4568 0.223292
4569 0.223462
4570 0.223195
4571 0.222927
4572 0.22266
4573 0.222392
4574 0.222125
4575 0.222295
4576 0.222028
4577 0.221761
4578 0.221494
4579 0.221664
4580 0.221834
4581 0.221567
4582 0.221737
4583 0.221471
4584 0.221204
4585 0.221374
4586 0.221544
4587 0.221278
4588 0.221011
4589 0.220745
4590 0.220479
4591 0.220213
4592 0.219948
4593 0.220118
4594 0.219852
4595 0.219587
4596 0.219321
4597 0.219491
4598 0.219226
4599 0.219396
4600 0.219565
4601 0.2193
4602 0.21947
4603 0.219639
4604 0.219374
4605 0.21911
4606 0.219279
4607 0.219015
4608 0.219184
4609 0.21892
4610 0.219089
4611 0.218825
4612 0.218994
4613 0.219163
4614 0.218899
4615 0.218635
4616 0.218371
4617 0.218107
4618 0.218276
4619 0.218013
4620 0.218182
4621 0.218351
4622 0.218087
4623 0.218257
4624 0.217993
4625 0.218162
4626 0.217899
4627 0.217636
4628 0.217373
4629 0.21711
4630 0.216847
4631 0.216584
4632 0.216753
4633 0.21649
4634 0.216228
4635 0.215965
4636 0.216135
4637 0.215872
4638 0.216041
4639 0.21621
4640 0.215948
4641 0.216117
4642 0.215855
4643 0.215593
4644 0.215332
4645 0.21507
4646 0.214808
4647 0.214977
4648 0.215146
4649 0.215315
4650 0.215484
4651 0.215653
4652 0.215821
4653 0.21599
4654 0.216158
4655 0.216327
4656 0.216495
4657 0.216234
4658 0.216402
4659 0.216141
4660 0.216309
4661 0.216477
4662 0.216645
4663 0.216384
4664 0.216123
4665 0.216292
4666 0.216459
4667 0.216199
4668 0.216367
4669 0.216535
4670 0.216274
4671 0.216442
4672 0.21661
4673 0.216777
4674 0.216517
4675 0.216257
4676 0.216424
4677 0.216164
4678 0.216332
4679 0.216499
4680 0.216667
4681 0.216834
4682 0.217001
4683 0.217168
4684 0.216909
4685 0.216649
4686 0.216816
4687 0.216556
4688 0.216297
4689 0.216038
4690 0.216205
4691 0.215945
4692 0.215686
4693 0.215853
4694 0.21602
4695 0.216187
4696 0.215928
4697 0.216095
4698 0.215837
4699 0.216003
4700 0.21617
4701 0.215912
4702 0.215653
4703 0.215394
4704 0.215136
4705 0.214878
4706 0.215045
4707 0.215211
4708 0.215378
4709 0.215545
4710 0.215287
4711 0.215453
4712 0.21562
4713 0.215786
4714 0.215952
4715 0.215695
4716 0.215861
4717 0.216027
4718 0.216193
4719 0.216359
4720 0.216102
4721 0.215844
4722 0.215587
4723 0.215329
4724 0.215072
4725 0.214815
4726 0.214981
4727 0.215147
4728 0.21489
4729 0.214633
4730 0.214376
4731 0.214542
4732 0.214286
4733 0.214029
4734 0.213773
4735 0.213939
4736 0.214105
4737 0.214271
4738 0.214014
4739 0.213758
4740 0.213502
4741 0.213668
4742 0.213412
4743 0.213156
4744 0.213322
4745 0.213488
4746 0.213654
4747 0.213398
4748 0.213142
4749 0.213308
4750 0.213053
4751 0.212797
4752 0.212963
4753 0.213129
4754 0.213294
4755 0.213039
4756 0.212784
4757 0.212529
4758 0.212274
4759 0.212019
4760 0.211765
4761 0.21193
4762 0.212096
4763 0.212261
4764 0.212427
4765 0.212172
4766 0.212337
4767 0.212083
4768 0.212248
4769 0.211994
4770 0.21174
4771 0.211486
4772 0.211651
4773 0.211816
4774 0.211563
4775 0.211728
4776 0.211893
4777 0.212058
4778 0.211804
4779 0.211969
4780 0.212134
4781 0.21188
4782 0.211627
4783 0.211374
4784 0.211538
4785 0.211285
4786 0.21145
4787 0.211615
4788 0.211779
4789 0.211944
4790 0.212109
4791 0.212273
4792 0.21202
4793 0.211767
4794 0.211932
4795 0.211679
4796 0.211426
4797 0.211174
4798 0.210921
4799 0.211086
4800 0.210833
4801 0.210998
4802 0.211162
4803 0.21091
4804 0.210658
4805 0.210406
4806 0.21057
4807 0.210318
4808 0.210483
4809 0.210647
4810 0.210395
4811 0.210143
4812 0.209892
4813 0.210056
4814 0.209805
4815 0.209553
4816 0.209302
4817 0.209466
4818 0.209631
4819 0.209795
4820 0.209544
4821 0.209293
4822 0.209457
4823 0.209621
4824 0.209784
4825 0.209534
4826 0.209283
4827 0.209447
4828 0.209196
4829 0.208946
4830 0.208696
4831 0.208445
4832 0.208609
4833 0.208773
4834 0.208523
4835 0.208273
4836 0.208437
4837 0.208187
4838 0.207937
4839 0.208101
4840 0.207851
4841 0.207602
4842 0.207352
4843 0.207103
4844 0.207267
4845 0.20743
4846 0.207181
4847 0.207345
4848 0.207096
4849 0.206847
4850 0.206598
4851 0.206349
4852 0.206101
4853 0.206264
4854 0.206016
4855 0.205767
4856 0.205931
4857 0.205683
4858 0.205846
4859 0.206009
4860 0.205761
4861 0.205925
4862 0.205677
4863 0.205429
4864 0.205181
4865 0.204933
4866 0.205097
4867 0.204849
4868 0.204601
4869 0.204354
4870 0.204517
4871 0.20427
4872 0.204023
4873 0.203776
4874 0.203939
4875 0.204103
4876 0.203856
4877 0.204019
4878 0.204182
4879 0.203935
4880 0.203689
4881 0.203852
4882 0.204015
4883 0.203768
4884 0.203931
4885 0.203685
4886 0.203848
4887 0.203601
4888 0.203764
4889 0.203927
4890 0.20409
4891 0.204253
4892 0.204007
4893 0.204169
4894 0.203923
4895 0.203677
4896 0.20384
4897 0.204002
4898 0.204165
4899 0.203919
4900 0.204082
4901 0.204244
4902 0.203998
4903 0.204161
4904 0.204323
4905 0.204485
4906 0.204647
4907 0.204402
4908 0.204564
4909 0.204319
4910 0.204073
4911 0.203828
4912 0.20399
4913 0.203745
4914 0.2035
4915 0.203662
4916 0.203417
4917 0.203173
4918 0.202928
4919 0.20309
4920 0.203252
4921 0.203008
4922 0.203169
4923 0.203331
4924 0.203493
4925 0.203655
4926 0.20341
4927 0.203166
4928 0.202922
4929 0.203084
4930 0.203245
4931 0.203407
4932 0.203163
4933 0.202919
4934 0.202675
4935 0.202432
4936 0.202593
4937 0.20235
4938 0.202106
4939 0.201863
4940 0.201619
4941 0.201781
4942 0.201538
4943 0.201699
4944 0.201861
4945 0.201618
4946 0.201779
4947 0.201941
4948 0.201698
4949 0.201859
4950 0.201616
4951 0.201777
4952 0.201535
4953 0.201292
4954 0.201453
4955 0.201615
4956 0.201776
4957 0.201533
4958 0.201694
4959 0.201452
4960 0.201613
4961 0.201371
4962 0.201129
4963 0.20129
4964 0.20145
4965 0.201208
4966 0.201369
4967 0.201127
4968 0.200886
4969 0.201046
4970 0.201207
4971 0.201368
4972 0.201126
4973 0.201287
4974 0.201448
4975 0.201206
4976 0.200965
4977 0.201125
4978 0.200884
4979 0.201044
4980 0.200803
4981 0.200562
4982 0.200321
4983 0.200482
4984 0.200642
4985 0.200802
4986 0.200562
4987 0.200321
4988 0.200481
4989 0.200641
4990 0.200802
4991 0.200561
4992 0.200321
4993 0.200481
4994 0.20024
4995 0.2004
4996 0.20056
4997 0.20032
4998 0.20008
4999 0.19984
5000 0.1996
5001 0.19976
5002 0.19952
5003 0.19968
5004 0.19944
5005 0.199201
5006 0.199361
5007 0.199121
5008 0.199281
5009 0.199441
5010 0.199202
5011 0.198962
5012 0.198723
5013 0.198484
5014 0.198245
5015 0.198405
5016 0.198166
5017 0.197927
5018 0.198087
5019 0.198247
5020 0.198406
5021 0.198566
5022 0.198327
5023 0.198089
5024 0.19785
5025 0.197612
5026 0.197772
5027 0.197931
5028 0.197693
5029 0.197852
5030 0.197614
5031 0.197376
5032 0.197138
5033 0.1969
5034 0.196663
5035 0.196822
5036 0.196982
5037 0.197141
5038 0.196904
5039 0.196666
5040 0.196825
5041 0.196985
5042 0.197144
5043 0.196907
5044 0.197066
5045 0.197225
5046 0.197384
5047 0.197147
5048 0.19691
5049 0.197069
5050 0.196832
5051 0.196595
5052 0.196754
5053 0.196913
5054 0.196676
5055 0.196439
5056 0.196203
5057 0.195966
5058 0.19573
5059 0.195493
5060 0.195652
5061 0.195416
5062 0.19518
5063 0.194944
5064 0.194708
5065 0.194867
5066 0.195026
5067 0.19479
5068 0.194554
5069 0.194713
5070 0.194477
5071 0.194636
5072 0.194795
5073 0.194954
5074 0.195112
5075 0.194877
5076 0.195035
5077 0.195194
5078 0.195353
5079 0.195511
5080 0.195669
5081 0.195828
5082 0.195592
5083 0.195751
5084 0.195515
5085 0.195674
5086 0.195438
5087 0.195203
5088 0.195362
5089 0.195127
5090 0.195285
5091 0.19505
5092 0.194815
5093 0.194581
5094 0.194739
5095 0.194897
5096 0.195055
5097 0.19482
5098 0.194978
5099 0.195136
5100 0.194902
5101 0.19506
5102 0.194826
5103 0.194983
5104 0.194749
5105 0.194907
5106 0.194673
5107 0.194831
5108 0.194988
5109 0.194754
5110 0.194912
5111 0.194678
5112 0.194444
5113 0.194211
5114 0.193977
5115 0.193744
5116 0.193511
5117 0.193277
5118 0.193044
5119 0.193202
5120 0.193359
5121 0.193517
5122 0.193674
5123 0.193832
5124 0.193599
5125 0.193366
5126 0.193133
5127 0.19329
5128 0.193058
5129 0.193215
5130 0.192982
5131 0.19275
5132 0.192907
5133 0.192675
5134 0.192832
5135 0.1926
5136 0.192757
5137 0.192914
5138 0.192682
5139 0.19245
5140 0.192218
5141 0.191986
5142 0.191754
5143 0.191522
5144 0.19168
5145 0.191448
5146 0.191216
5147 0.190985
5148 0.190754
5149 0.190911
5150 0.19068
5151 0.190837
5152 0.190994
5153 0.190763
5154 0.190532
5155 0.190689
5156 0.190846
5157 0.191003
5158 0.190772
5159 0.190541
5160 0.19031
5161 0.190079
5162 0.189849
5163 0.190006
5164 0.189775
5165 0.189545
5166 0.189315
5167 0.189472
5168 0.189628
5169 0.189398
5170 0.189555
5171 0.189325
5172 0.189482
5173 0.189252
5174 0.189409
5175 0.189179
5176 0.189335
5177 0.189106
5178 0.189262
5179 0.189419
5180 0.189189
5181 0.189346
5182 0.189502
5183 0.189273
5184 0.189429
5185 0.1892
5186 0.18897
5187 0.189127
5188 0.189283
5189 0.189054
5190 0.188825
5191 0.188981
5192 0.188752
5193 0.188908
5194 0.189064
5195 0.188835
5196 0.188607
5197 0.188763
5198 0.188919
5199 0.18869
5200 0.188462
5201 0.188233
5202 0.188005
5203 0.187776
5204 0.187932
5205 0.187704
5206 0.187476
5207 0.187632
5208 0.187788
5209 0.187944
5210 0.187716
5211 0.187488
5212 0.18726
5213 0.187032
5214 0.187188
5215 0.186961
5216 0.187117
5217 0.187272
5218 0.187045
5219 0.186817
5220 0.18659
5221 0.186363
5222 0.186519
5223 0.186291
5224 0.186064
5225 0.185837
5226 0.18561
5227 0.185384
5228 0.185157
5229 0.18493
5230 0.184704
5231 0.184477
5232 0.184251
5233 0.184024
5234 0.183798
5235 0.183572
5236 0.183346
5237 0.183502
5238 0.183276
5239 0.183432
5240 0.183588
5241 0.183744
5242 0.183518
5243 0.183292
5244 0.183066
5245 0.182841
5246 0.182997
5247 0.182771
5248 0.182546
5249 0.18232
5250 0.182095
5251 0.182251
5252 0.182026
5253 0.181801
5254 0.181576
5255 0.181732
5256 0.181507
5257 0.181282
5258 0.181438
5259 0.181213
5260 0.180989
5261 0.180764
5262 0.18092
5263 0.180695
5264 0.180851
5265 0.181007
5266 0.181162
5267 0.180938
5268 0.181093
5269 0.180869
5270 0.180645
5271 0.180421
5272 0.180577
5273 0.180732
5274 0.180508
5275 0.180664
5276 0.18044
5277 0.180216
5278 0.179992
5279 0.179769
5280 0.179545
5281 0.179322
5282 0.179099
5283 0.178876
5284 0.178653
5285 0.178808
5286 0.178585
5287 0.17874
5288 0.178517
5289 0.178295
5290 0.17845
5291 0.178605
5292 0.178382
5293 0.17816
5294 0.177937
5295 0.177715
5296 0.177492
5297 0.17727
5298 0.177048
5299 0.176826
5300 0.176981
5301 0.176759
5302 0.176537
