21 57 0 8 0.904000
48 131 0 8 0.904000
48 97 0 8 0.903999
38 43 0 8 0.903985
106 111 0 8 0.903884
99 192 0 8 0.903870
32 47 0 8 0.903678
223 279 0 8 0.903383
28 272 0 8 0.903285
131 273 0 8 0.903185
100 130 0 8 0.902666
80 157 0 8 0.902023
21 270 0 8 0.901354
104 118 0 8 0.901331
235 265 0 8 0.901174
44 127 0 8 0.900864
106 195 0 8 0.898916
53 272 0 8 0.898314
45 123 0 8 0.897560
100 126 0 8 0.896651
97 131 0 8 0.889816
200 220 0 8 0.888263
53 105 0 8 0.884396
29 47 0 8 0.884273
28 283 0 8 0.884130
95 231 0 8 0.883962
53 268 0 8 0.881868
98 189 0 8 0.879777
230 275 0 8 0.878241
52 93 0 8 0.878122
18 57 0 8 0.867621
28 277 0 8 0.863928
238 262 0 8 0.861865
49 97 0 8 0.858565
93 134 0 8 0.857321
110 199 0 8 0.856723
92 181 0 8 0.855957
91 235 0 8 0.854858
26 54 0 8 0.852513
182 232 0 8 0.852119
24 270 0 8 0.848766
45 101 0 8 0.848168
55 90 0 8 0.847091
97 127 0 8 0.843587
99 189 0 8 0.842816
96 273 0 8 0.839949
98 272 0 8 0.834100
87 266 0 8 0.827510
28 273 0 8 0.824476
48 127 0 8 0.824278
41 123 0 8 0.813657
96 133 0 8 0.808137
35 286 0 8 0.807885
178 239 0 8 0.807584
32 38 0 8 0.805985
53 94 0 8 0.805569
32 39 0 8 0.804373
89 135 0 8 0.799491
22 57 0 8 0.796204
106 191 0 8 0.795398
197 221 0 8 0.794579
223 280 0 8 0.794456
200 218 0 8 0.789612
226 279 0 8 0.787198
92 182 0 8 0.780515
49 276 0 8 0.778799
84 141 0 8 0.746199
94 268 0 8 0.746116
56 269 0 8 0.742390
60 87 0 8 0.734584
96 185 0 8 0.730489
200 229 0 8 0.726219
52 131 0 8 0.720475
106 192 0 8 0.720072
61 263 0 8 0.716761
28 276 0 8 0.716509
24 49 0 8 0.712657
182 239 0 8 0.708073
92 235 0 8 0.698798
31 38 0 8 0.697802
234 271 0 8 0.693408
46 277 0 8 0.692866
95 185 0 8 0.691395
57 280 0 8 0.690306
32 283 0 8 0.685429
44 123 0 8 0.684596
182 238 0 8 0.679395
185 231 0 8 0.678676
186 232 0 8 0.678336
134 272 0 8 0.677611
92 239 0 8 0.677517
193 273 0 8 0.672054
193 272 0 8 0.668147
52 94 0 8 0.667981
227 276 0 8 0.667914
28 46 0 8 0.667167
226 275 0 8 0.666967
43 280 0 8 0.664313
59 90 0 8 0.655488
48 93 0 8 0.653825
99 188 0 8 0.651585
84 148 0 8 0.647435
98 193 0 8 0.640279
102 196 0 8 0.637156
56 263 0 8 0.635834
108 114 0 8 0.634490
91 217 0 8 0.629477
96 181 0 8 0.628432
239 279 0 8 0.626625
31 287 0 8 0.623050
53 276 0 8 0.622351
99 185 0 8 0.613769
84 144 0 8 0.611365
85 142 0 8 0.609523
88 242 0 8 0.607872
201 217 0 8 0.605776
276 283 0 8 0.605229
97 130 0 8 0.600719
277 283 0 8 0.597739
76 81 0 8 0.595279
80 273 0 8 0.587665
105 268 0 8 0.586524
266 272 0 8 0.580031
43 283 0 8 0.577067
197 224 0 8 0.572616
189 228 0 8 0.571976
18 61 0 8 0.566661
29 50 0 8 0.564267
96 134 0 8 0.562768
90 127 0 8 0.561917
36 235 0 8 0.554783
45 118 0 8 0.551490
110 196 0 8 0.551282
88 138 0 8 0.549230
91 239 0 8 0.549080
50 272 0 8 0.545050
41 235 0 8 0.544406
105 237 0 8 0.540295
52 90 0 8 0.537425
104 228 0 8 0.536387
43 268 0 8 0.535376
118 126 0 8 0.535129
101 224 0 8 0.534858
83 266 0 8 0.534657
64 88 0 8 0.533776
237 276 0 8 0.533066
20 270 0 8 0.532523
21 118 0 8 0.530801
87 265 0 8 0.530645
53 269 0 8 0.530213
87 92 0 8 0.530134
234 266 0 8 0.528256
48 225 0 8 0.525947
81 144 0 8 0.525896
24 228 0 8 0.525387
108 113 0 8 0.524869
81 140 0 8 0.521939
60 266 0 8 0.516687
29 51 0 8 0.515676
104 123 0 8 0.513011
89 138 0 8 0.511974
278 284 0 8 0.510767
277 287 0 8 0.509225
61 90 0 8 0.508066
32 43 0 8 0.505124
109 193 0 8 0.503955
265 280 0 8 0.502599
105 276 0 8 0.500637
87 159 0 8 0.500041
178 183 0 8 0.500027
118 123 0 8 0.499752
103 192 0 8 0.497543
93 131 0 8 0.495268
145 172 0 8 0.492908
92 134 0 8 0.491289
52 110 0 8 0.488091
31 286 0 8 0.487518
76 140 0 8 0.487424
91 261 0 8 0.486588
24 50 0 8 0.485567
92 177 0 8 0.485097
238 266 0 8 0.484309
193 235 0 8 0.474310
38 223 0 8 0.470188
114 221 0 8 0.469272
104 115 0 8 0.467177
90 181 0 8 0.465738
85 242 0 8 0.463807
197 225 0 8 0.460852
98 131 0 8 0.459199
29 54 0 8 0.457687
59 231 0 8 0.457093
53 283 0 8 0.456190
44 124 0 8 0.453554
57 270 0 8 0.451306
28 193 0 8 0.450317
190 276 0 8 0.448421
56 92 0 8 0.447361
235 273 0 8 0.446113
67 75 0 8 0.444082
196 224 0 8 0.438600
161 181 0 8 0.435869
113 118 0 8 0.435069
24 272 0 8 0.434866
182 231 0 8 0.432503
48 273 0 8 0.431909
95 265 0 8 0.431275
28 50 0 8 0.429763
45 97 0 8 0.429214
200 225 0 8 0.428432
64 262 0 8 0.425634
102 228 0 8 0.423809
123 220 0 8 0.423353
60 91 0 8 0.422421
108 115 0 8 0.421164
190 232 0 8 0.420632
35 280 0 8 0.415624
134 235 0 8 0.413404
266 271 0 8 0.411475
96 196 0 8 0.408045
196 272 0 8 0.407552
224 287 0 8 0.407408
56 266 0 8 0.406971
234 268 0 8 0.406867
85 139 0 8 0.404345
43 282 0 8 0.403068
15 59 0 8 0.399510
261 266 0 8 0.397100
102 193 0 8 0.397088
43 101 0 8 0.397000
94 101 0 8 0.396216
24 274 0 8 0.395249
106 114 0 8 0.394244
96 131 0 8 0.386496
45 126 0 8 0.384767
238 258 0 8 0.384045
56 90 0 8 0.383269
76 161 0 8 0.382617
43 220 0 8 0.379601
235 242 0 8 0.377531
31 290 0 8 0.373736
42 224 0 8 0.373201
59 266 0 8 0.372530
48 193 0 8 0.370640
24 227 0 8 0.370486
21 181 0 8 0.369828
67 266 0 8 0.365206
14 61 0 8 0.365037
111 195 0 8 0.362113
45 127 0 8 0.361717
104 138 0 8 0.360963
186 235 0 8 0.359609
101 153 0 8 0.359253
200 223 0 8 0.358284
64 266 0 8 0.358054
87 95 0 8 0.356704
33 47 0 8 0.356037
27 287 0 8 0.353823
104 113 0 8 0.353301
235 272 0 8 0.351958
15 273 0 8 0.351562
203 223 0 8 0.350882
64 235 0 8 0.350548
83 97 0 8 0.349034
67 141 0 8 0.347986
199 229 0 8 0.347836
32 123 0 8 0.345729
228 272 0 8 0.344409
83 91 0 8 0.344042
28 235 0 8 0.343287
233 274 0 8 0.342968
137 238 0 8 0.342925
102 192 0 8 0.342489
83 90 0 8 0.342074
104 276 0 8 0.341704
45 88 0 8 0.341634
151 266 0 8 0.341347
95 239 0 8 0.338752
18 58 0 8 0.338359
87 238 0 8 0.337648
87 239 0 8 0.335507
238 261 0 8 0.335093
147 160 0 8 0.334932
234 270 0 8 0.334734
222 279 0 8 0.334507
85 235 0 8 0.333810
56 64 0 8 0.333179
141 146 0 8 0.332916
182 236 0 8 0.332476
32 266 0 8 0.331933
115 220 0 8 0.330991
99 229 0 8 0.329090
15 231 0 8 0.327903
24 269 0 8 0.327531
90 130 0 8 0.327330
91 262 0 8 0.327304
87 181 0 8 0.326412
88 98 0 8 0.326013
137 266 0 8 0.325902
268 277 0 8 0.325717
