 1 94  1
 2 93  1
 3 92  1
 4 91  1
 5 90  1
 6 89  1
 7 88  1
 8 87  1
 9 86  1
11 45  0
12 44  0
12 60  0
13 42  0
14 43  2
15 42  2
16 41  2
17 40  2
18 39  2
19 38  2
20 37  2
21  31  0
21  36  0
22  30  0
23  29  0
23  62  0
24  85  0
24  68  0
25  69  0 
26 67 0
27 66 0
28 65 0
29 63 0
30 62 0
31 61 0


26  67  5
27  66  5
28  65  5
30  61  5
42  60  5
43  59  5
44  58  5
47  56  5
48  55  5
49  54  5
50  52  5
50  53  5
50 53 0
49 54 0
48 55
55 50  2
56 49  2
56 91  0
57 48  2
58 47  2
59 46  2
60 45  2
61 44  2
64 86  1
65 29  3
66 28  3
67 27  3
67 85  1
68 26  3
68 84  1
69 83  1
70 82  1
71 81  1
72 80  1
73 79  1
74 78  1
