72 79  0 9999  0.9
70 81  0 9999  0.9
71 80  0 9999  0.9
16 39  0 9999  0.9
26 67  0 9999  0.9
15 40  0 9999  0.9
69 82  0 9999  0.9
73 78  0 9999  0.9
17 38  0 9999  0.9
42 60  0 9999  0.9
13 41  0 9999  0.9
22 30  0 9999  0.9
64 85  0 9999  0.9
3 91  0 9999  0.9
25 68  0 9999  0.9
18 37  0 9999  0.9
4 90  0 9999  0.9
5 89  0 9999  0.9
28 65  0 9999  0.9
48 55  0 9999  0.9
8 86  0 9999  0.9
43 59  0 9999  0.9
2 92  0 9999  0.9
27 66  0 9999  0.8978
1 93  0 9999  0.8967
23 29  0 9999  0.8879
71 81  0 9999  0.8076
70 80  0 9999  0.757
9 63  0 9999  0.7317
46 55  0 9999  0.6943
17 37  0 9999  0.5095
5 14  0 9999  0.4556
19 37  0 9999  0.4523
26 66  0 9999  0.4413
69 83  0 9999  0.3346
10 63  0 9999  0.3082
3 28  0 9999  0.2818
84 91  0 9999  0.2378
48 54  0 9999  0.2026
77 84  0 9999  0.196
50 67  0 9999  0.13
2 75  0 9999  0.1289
52 93  0 9999  0.1212
34 76  0 9999  0.1168
5 64  0 9999  0.1135
9 34  0 9999  0.1069
34 49  0 9999  0.1036
19 32  0 9999  0.0948
14 41  0 9999  0.0926
19 35  0 9999  0.0805
10 78  0 9999  0.0805
31 37  0 9999  0.0695
62 78  0 9999  0.0497
14 55  0 9999  0.0266
14 81  0 9999  0.0189
42 84  0 9999  0.0101
