1 1
2 2
3 3
4 4
5 5
6 6
7 7
8 8
9 9
10 38
11 39
12 40
13 41
14 42
15 43
16 44
17 45
18 46
19 47
20 48
21 74
22 75
23 76
24 77
25 78
26 79
27 80
28 81
29 82
30 83
31 84
32 85
33 86
34 87
35 88
36 89
37 49
38 50
39 51
40 52
41 53
42 54
43 55
44 56
45 57
46 58
47 59
48 60
49 61
50 62
51 63
52 64
53 65
54 66
55 67
56 68
57 69
58 70
59 71
60 72
61 73
62 90
63 91
64 92
65 93
66 94
67 10
68 11
69 12
70 13
71 14
72 15
73 16
74 17
75 18
76 19
77 20
78 21
79 22
80 23
81 24
82 25
83 26
84 27
85 28
86 29
87 30
88 31
89 32
90 33
91 34
92 35
93 36
94 37
