1 1
2 2
3 3
4 4
5 5
6 6
7 7
8 8
9 9
10 67
11 68
12 69
13 70
14 71
15 72
16 73
17 74
18 75
19 76
20 77
21 78
22 79
23 80
24 81
25 82
26 83
27 84
28 85
29 86
30 87
31 88
32 89
33 90
34 91
35 92
36 93
37 94
38 10
39 11
40 12
41 13
42 14
43 15
44 16
45 17
46 18
47 19
48 20
49 37
50 38
51 39
52 40
53 41
54 42
55 43
56 44
57 45
58 46
59 47
60 48
61 49
62 50
63 51
64 52
65 53
66 54
67 55
68 56
69 57
70 58
71 59
72 60
73 61
74 21
75 22
76 23
77 24
78 25
79 26
80 27
81 28
82 29
83 30
84 31
85 32
86 33
87 34
88 35
89 36
90 62
91 63
92 64
93 65
94 66
