  21   57  0  100
  48  131  0  100
 100  130  0  100
  48   97  0  100
 100  126  0  100
  32   47  0  100
  80  157  0  100
  52   93  0  100
  55   90  0  100
  89  135  0  100
  29   47  0   99
  35  286  0   99
  33   47  0   99
  48  127  0   99
  21  270  0   99
 106  195  0   99
  44  127  0   99
 235  265  0   99
  93  134  0   99
  52   94  0   99
  18   58  0   99
 110  199  0   99
  85  142  0   99
 106  192  0   99
  81  146  0   99
  92  181  0   99
 223  279  0   99
  97  127  0   99
  99  188  0   98
  26   54  0   98
  96  130  0   98
  98  189  0   98
  28  277  0   98
  99  192  0   98
  95  185  0   98
  20  270  0   98
  97  131  0   97
  85  135  0   97
  24  270  0   97
 230  275  0   97
  22   54  0   97
  45  123  0   97
  31  283  0   97
  92  134  0   97
  63   79  0   96
  53  272  0   96
 200  220  0   96
  60   87  0   96
  96  133  0   96
  53   94  0   96
