 301  326  0  100
 224  247  0  100
 298  329  0  100
 126  234  0   99
  85  264  0   99
 301  322  0   99
  71  191  0   99
 305  322  0   99
 237  245  0   99
 152  273  0   99
  48   96  0   99
  58   85  0   99
  53  114  0   98
 232  239  0   98
 102  129  0   97
 298  326  0   96
  96  115  0   96
 152  268  0   96
 104  237  0   95
 228  239  0   95
 311  318  0   94
  96  216  0   94
 152  210  0   92
  39  137  0   92
 139  218  0   92
 216  253  0   90
  38   95  0   90
 145  261  0   90
  66  271  0   89
  82  264  0   89
  59  216  0   89
 180  188  0   88
 164  192  0   87
 131  243  0   87
 302  329  0   86
 145  266  0   86
 181  187  0   86
 131  247  0   85
  53  318  0   85
 308  315  0   85
 143  150  0   85
  87  267  0   83
 149  246  0   82
  55  264  0   82
  61  300  0   81
  82  224  0   81
  32   84  0   80
 199  266  0   80
 107  141  0   79
  97  209  0   79
  94  137  0   79
  48   95  0   77
 128  229  0   77
  93  216  0   76
 143  210  0   76
  62   85  0   76
 210  268  0   76
 228  242  0   74
 213  261  0   73
  25  295  0   73
 198  206  0   73
 163  257  0   73
 143  216  0   73
 147  216  0   73
  81  286  0   72
 160  176  0   72
  96  253  0   72
 152  182  0   71
  67   87  0   71
 131  240  0   71
 147  268  0   70
 271  276  0   69
  68  217  0   69
 226  251  0   69
 224  243  0   68
  41   95  0   68
  32   67  0   68
  29   99  0   67
  88  274  0   67
 199  271  0   67
 102  124  0   67
 153  273  0   67
 303  321  0   67
  50  214  0   66
 237  246  0   66
  89  212  0   66
 141  263  0   66
 137  193  0   66
  36   95  0   65
  52  313  0   65
  68  299  0   65
  75   81  0   65
  33  303  0   64
 142  210  0   64
 104  141  0   64
 228  247  0   64
 250  273  0   64
 264  269  0   64
 305  319  0   63
  73  294  0   63
  41  287  0   63
  55  263  0   63
 127  224  0   63
 145  182  0   63
 211  258  0   63
  52  275  0   63
  65  290  0   62
 233  243  0   62
 142  258  0   62
  87  268  0   61
 104  245  0   61
 176  198  0   61
 172  213  0   61
 308  319  0   60
  53  321  0   60
 176  196  0   60
  74  198  0   60
  29  170  0   60
  57  325  0   60
 174  210  0   59
 111  318  0   59
 115  149  0   59
 145  170  0   59
  62  198  0   59
  36  107  0   58
 142  300  0   58
 199  281  0   58
 194  278  0   58
 107  263  0   58
 132  243  0   57
 119  248  0   57
 153  269  0   57
 100  192  0   57
  68  283  0   57
  39  102  0   56
  90  208  0   56
 123  269  0   56
  38   91  0   56
 136  146  0   56
 263  273  0   56
 146  213  0   56
  92  213  0   56
 313  318  0   56
  74  170  0   55
 210  276  0   55
  93  220  0   55
 135  221  0   54
  95  110  0   54
 174  256  0   54
  68  321  0   54
  97  329  0   54
 257  317  0   54
 194  285  0   54
 235  246  0   54
  64  196  0   54
 224  304  0   54
 176  206  0   53
 160  196  0   53
  93  206  0   53
  39   91  0   53
 100  163  0   53
 100  250  0   52
  95  115  0   52
  96  315  0   52
 321  330  0   52
 160  175  0   52
  30  299  0   52
  69  303  0   52
 174  213  0   51
 120  300  0   51
 194  267  0   51
 183  238  0   51
 128  233  0   51
  77  322  0   50
 141  313  0   50
  74  100  0   50
  55  192  0   50
  27  264  0   50
  84  270  0   49
 146  225  0   49
  33  295  0   49
 110  141  0   49
 189  212  0   49
 128  315  0   49
  98  136  0   49
  95  193  0   49
 242  249  0   49
  24   61  0   49
 142  261  0   49
  69  283  0   49
 257  313  0   48
  55  141  0   48
 301  323  0   48
  29  193  0   48
  68  164  0   48
 169  202  0   48
  67  145  0   48
  48  104  0   48
 197  274  0   48
 185  289  0   47
  35  174  0   47
 182  269  0   47
  35  261  0   47
 102  123  0   47
  91  271  0   47
  36  152  0   47
 295  306  0   47
  67  192  0   47
 127  247  0   47
  81  306  0   47
 146  197  0   47
 156  194  0   47
 214  259  0   47
 114  313  0   47
 280  285  0   47
 146  310  0   46
 305  323  0   46
 232  247  0   46
 143  248  0   46
 296  318  0   46
 189  215  0   46
 152  180  0   46
 179  320  0   46
  29  281  0   46
  97  216  0   46
  36  145  0   46
 220  257  0   46
  93  138  0   46
 123  140  0   46
  36  263  0   46
 164  217  0   46
 139  281  0   45
  64  296  0   45
 140  206  0   45
  72  322  0   45
 236  241  0   45
 150  210  0   45
 174  179  0   45
  41  152  0   45
 147  258  0   45
  55  102  0   45
 176  197  0   45
 257  275  0   45
 192  199  0   45
  65  324  0   45
 286  295  0   45
 127  303  0   45
  93  202  0   44
 170  179  0   44
  43  121  0   44
  64  132  0   44
  31   61  0   44
  52   99  0   44
 251  315  0   44
  50   81  0   44
 305  326  0   44
 153  263  0   44
  53  266  0   44
  99  246  0   44
  58  192  0   43
  25  269  0   43
 250  295  0   43
  88  141  0   43
  95  210  0   43
  85  268  0   43
 275  302  0   43
  69  288  0   43
  39  121  0   43
 274  285  0   43
  84  156  0   43
 115  256  0   43
 312  318  0   42
 131  224  0   42
  51   88  0   42
  52   96  0   42
 150  206  0   42
  96  136  0   42
 153  318  0   42
  28  286  0   42
 215  249  0   42
 268  294  0   42
 138  206  0   42
 104  110  0   42
  51  119  0   42
 193  272  0   42
 273  300  0   42
 138  181  0   42
 176  217  0   42
 201  233  0   42
  71  229  0   42
 222  330  0   41
 284  301  0   41
 114  311  0   41
 288  328  0   41
 121  247  0   41
 153  278  0   41
  80  295  0   41
 123  251  0   41
  89  189  0   41
  38   43  0   41
  66  317  0   41
 123  176  0   41
  27  321  0   41
 235  251  0   41
 131  259  0   41
 186  323  0   41
 124  251  0   41
  39   94  0   40
  87  282  0   40
  94  281  0   40
  43  177  0   40
 213  258  0   40
 183  251  0   40
  36  210  0   40
 170  192  0   40
 190  241  0   40
  35  256  0   40
  81  332  0   40
  38   96  0   40
 212  273  0   39
 160  173  0   39
 145  288  0   39
 140  308  0   39
 127  150  0   39
 103  309  0   39
  63  272  0   39
 112  318  0   39
 100  138  0   39
  93  198  0   39
  59   66  0   39
  54  316  0   39
 251  276  0   39
  77  192  0   39
  84  282  0   39
 146  258  0   39
 142  213  0   39
 216  250  0   39
  73  226  0   39
 257  303  0   39
  74  272  0   39
  35  266  0   39
 139  298  0   38
  48   92  0   38
 170  188  0   38
 210  271  0   38
  61  304  0   38
 210  266  0   38
  40  264  0   38
 190  299  0   38
  45  110  0   38
 129  251  0   38
  26  190  0   38
 141  220  0   38
 143  237  0   38
 117  254  0   38
  45   99  0   38
 298  325  0   38
 132  274  0   38
 190  323  0   38
  80  276  0   38
  61  140  0   38
  50  306  0   38
 302  330  0   37
  89  119  0   37
 100  264  0   37
 250  326  0   37
  76  145  0   37
 273  286  0   37
 172  210  0   37
 182  275  0   37
 220  301  0   37
  52   91  0   37
 133  267  0   37
 176  182  0   37
 220  269  0   37
 304  321  0   37
  87  294  0   37
 255  265  0   37
  73  112  0   37
 119  125  0   37
 276  285  0   37
 136  207  0   37
  80  286  0   37
  53   78  0   37
 145  232  0   37
  64  127  0   37
  53  308  0   37
  98  146  0   37
  97  217  0   36
 140  215  0   36
 102  283  0   36
 121  193  0   36
 210  300  0   36
 181  280  0   36
 199  276  0   36
