 157  202 0 -1 3.836010
 157  204 0 -1 5.040589
 157  203 0 -1 5.429685
  64  140 0 -1 5.826909
  57  133 0 -1 5.880059
  60   89 0 -1 5.983280
 138  223 0 -1 6.071960
 157  205 0 -1 6.212827
  53   96 0 -1 6.264399
 257  304 0 -1 6.281031
 131  230 0 -1 6.289881
 264  297 0 -1 6.297089
  90  259 0 -1 6.314878
  93  133 0 -1 6.324256
 222  258 0 -1 6.333210
  67   82 0 -1 6.334266
  60  136 0 -1 6.356122
  86  140 0 -1 6.360981
 215  265 0 -1 6.363026
  34   56 0 -1 6.365424
 141  262 0 -1 6.374060
 142  219 0 -1 6.403096
  27   63 0 -1 6.412733
 225  305 0 -1 6.425084
 134  255 0 -1 6.439166
  53  129 0 -1 6.441789
 145  216 0 -1 6.467518
  30   59 0 -1 6.516351
  83  266 0 -1 6.518150
  31   88 0 -1 6.550388
 218  298 0 -1 6.580880
 134  226 0 -1 6.616203
 300  325 0 -1 6.627129
  50  126 0 -1 6.632372
 141  219 0 -1 6.648612
 135  226 0 -1 6.655550
  90  137 0 -1 6.663364
 260  322 0 -1 6.666659
 134  258 0 -1 6.712881
 149  212 0 -1 6.721742
 260  326 0 -1 6.772689
  37   52 0 -1 6.783555
  56   92 0 -1 6.790745
 138  219 0 -1 6.808176
  97  252 0 -1 6.827276
 138  222 0 -1 6.841032
  38   95 0 -1 6.852069
  63   85 0 -1 6.856351
  23   66 0 -1 6.860979
 264  329 0 -1 6.861084
  61  136 0 -1 6.867257
  24   81 0 -1 6.877524
 293  332 0 -1 6.885753
 100  126 0 -1 6.902481
 267  329 0 -1 6.902816
 148  269 0 -1 6.906003
 229  251 0 -1 6.909739
 218  301 0 -1 6.915610
  67  143 0 -1 6.928023
 267  333 0 -1 6.928750
 222  261 0 -1 6.930659
 221  301 0 -1 6.932487
 145  215 0 -1 6.948740
 307  318 0 -1 6.951630
 257  322 0 -1 6.955991
 208  272 0 -1 6.956085
 293  329 0 -1 6.957802
  97  130 0 -1 6.957863
 271  290 0 -1 6.959307
 253  315 0 -1 6.978224
 141  265 0 -1 6.984025
  34   92 0 -1 6.995555
 300  322 0 -1 6.997542
  83  144 0 -1 7.008006
 214  294 0 -1 7.019183
 131  226 0 -1 7.024566
  27   85 0 -1 7.028517
 127  251 0 -1 7.028736
 124  237 0 -1 7.044180
  79  147 0 -1 7.055655
 296  325 0 -1 7.076402
 297  325 0 -1 7.085035
 225  308 0 -1 7.092165
 229  254 0 -1 7.097577
 145  212 0 -1 7.122844
 304  318 0 -1 7.123541
 127  248 0 -1 7.138671
 218  261 0 -1 7.156305
 127  233 0 -1 7.178755
 253  319 0 -1 7.187960
  68  143 0 -1 7.187970
 226  254 0 -1 7.190406
  34   59 0 -1 7.197703
  57  136 0 -1 7.198203
  35   92 0 -1 7.201395
 300  321 0 -1 7.204318
  54  129 0 -1 7.219746
  82  144 0 -1 7.225599
  89  137 0 -1 7.233189
  57  132 0 -1 7.243980
 135  223 0 -1 7.272308
 215  268 0 -1 7.300366
 211  294 0 -1 7.306490
 219  261 0 -1 7.334167
 148  212 0 -1 7.336593
 142  216 0 -1 7.338928
  49   99 0 -1 7.359173
  56   93 0 -1 7.362017
 222  301 0 -1 7.362960
  90  262 0 -1 7.366804
  41   52 0 -1 7.367771
  76  273 0 -1 7.369482
 131  229 0 -1 7.369579
 211  291 0 -1 7.383726
 261  301 0 -1 7.388718
 225  254 0 -1 7.393535
 261  297 0 -1 7.407408
  64  143 0 -1 7.409864
  42   99 0 -1 7.413222
  64  139 0 -1 7.420994
 303  318 0 -1 7.440994
 256  322 0 -1 7.442953
  86  141 0 -1 7.445897
 228  308 0 -1 7.451928
 137  258 0 -1 7.462752
  38   52 0 -1 7.468681
 130  251 0 -1 7.472607
 260  325 0 -1 7.485635
 293  328 0 -1 7.487846
 211  268 0 -1 7.494288
 138  258 0 -1 7.503160
  49  100 0 -1 7.511114
 152  209 0 -1 7.519482
  50  129 0 -1 7.524372
 156  205 0 -1 7.525164
 253  318 0 -1 7.530276
  97  255 0 -1 7.536613
 233  247 0 -1 7.545880
  31   59 0 -1 7.549068
 229  308 0 -1 7.550408
  27   66 0 -1 7.552328
 128  233 0 -1 7.553668
  38   96 0 -1 7.559210
  94  255 0 -1 7.561748
 257  301 0 -1 7.563501
  28   85 0 -1 7.580142
  38   92 0 -1 7.586261
  41   99 0 -1 7.605376
 152  208 0 -1 7.605917
  31   89 0 -1 7.612211
  60  137 0 -1 7.619017
  34   55 0 -1 7.619147
 137  262 0 -1 7.626751
  31   85 0 -1 7.638275
 250  315 0 -1 7.650152
 130  255 0 -1 7.654379
 263  326 0 -1 7.663205
 268  290 0 -1 7.668918
 290  332 0 -1 7.670867
  94  259 0 -1 7.681183
 249  315 0 -1 7.681652
  87  262 0 -1 7.683045
 254  308 0 -1 7.690347
  50  125 0 -1 7.696875
 254  304 0 -1 7.701208
  86  137 0 -1 7.709399
 268  294 0 -1 7.715696
 263  329 0 -1 7.716789
  93  134 0 -1 7.728378
 218  297 0 -1 7.734876
  75  151 0 -1 7.741319
 256  319 0 -1 7.743477
  79  148 0 -1 7.746777
  63   86 0 -1 7.758509
 145  265 0 -1 7.766646
 128  230 0 -1 7.781432
 236  247 0 -1 7.785318
 124  233 0 -1 7.786121
 215  294 0 -1 7.799228
 250  308 0 -1 7.800218
  87  263 0 -1 7.804420
  45  102 0 -1 7.807364
 104  123 0 -1 7.831834
  87  266 0 -1 7.846913
 131  251 0 -1 7.848669
  83  269 0 -1 7.850098
  52   96 0 -1 7.850527
  96  130 0 -1 7.857635
 222  257 0 -1 7.864836
 148  272 0 -1 7.866063
 264  294 0 -1 7.876744
  56  133 0 -1 7.889282
 225  304 0 -1 7.896540
 120  244 0 -1 7.897625
  59   89 0 -1 7.898201
  94  256 0 -1 7.906162
 296  328 0 -1 7.910066
  56   96 0 -1 7.914872
  60  133 0 -1 7.919829
  53  130 0 -1 7.941247
 221  305 0 -1 7.947937
 303  321 0 -1 7.952843
  79  144 0 -1 7.956027
  93  130 0 -1 7.967281
 152  205 0 -1 7.968602
 149  209 0 -1 7.969706
 123  244 0 -1 7.970375
  67  144 0 -1 7.979634
 138  262 0 -1 7.979888
 155  276 0 -1 7.986209
  63   89 0 -1 7.990359
  27   62 0 -1 7.993743
