62 99  0 8  0.9
63 206  0 8  0.9
71 199  0 8  0.9
120 133  0 8  0.9
67 202  0 8  0.9
86 91  0 8  0.9
73 85  0 8  0.9
84 155  0 8  0.9
104 140  0 8  0.9
83 88  0 8  0.8989
78 195  0 8  0.8989
93 148  0 8  0.8989
146 212  0 8  0.8989
99 209  0 8  0.8989
159 194  0 8  0.8978
120 129  0 8  0.8967
100 144  0 8  0.8967
63 210  0 8  0.8956
87 159  0 8  0.8956
45 60  0 8  0.8956
158 194  0 8  0.8945
70 151  0 8  0.8945
103 212  0 8  0.8934
111 118  0 8  0.8934
89 148  0 8  0.8912
104 115  0 8  0.8879
92 148  0 8  0.8813
108 116  0 8  0.8791
59 106  0 8  0.8791
165 190  0 8  0.878
96 148  0 8  0.8758
35 42  0 8  0.8736
4 19  0 8  0.8714
164 193  0 8  0.8703
106 207  0 8  0.8692
158 197  0 8  0.8659
75 199  0 8  0.8659
157 197  0 8  0.8659
75 198  0 8  0.8659
62 98  0 8  0.8648
30 38  0 8  0.8626
76 86  0 8  0.8604
4 12  0 8  0.8582
96 147  0 8  0.8549
124 129  0 8  0.8538
115 140  0 8  0.8527
140 215  0 8  0.8505
49 57  0 8  0.8472
147 154  0 8  0.8472
13 38  0 8  0.8395
62 209  0 8  0.8362
103 213  0 8  0.834
121 130  0 8  0.834
51 207  0 8  0.834
161 190  0 8  0.8208
189 200  0 8  0.8197
149 203  0 8  0.8197
49 60  0 8  0.8109
12 19  0 8  0.8065
17 22  0 8  0.8065
121 129  0 8  0.8043
49 54  0 8  0.8043
78 198  0 8  0.7966
4 20  0 8  0.7878
84 159  0 8  0.7801
15 22  0 8  0.7768
108 115  0 8  0.7746
87 155  0 8  0.7669
121 128  0 8  0.7669
12 20  0 8  0.7625
4 24  0 8  0.7581
41 64  0 8  0.7559
2 19  0 8  0.7493
5 17  0 8  0.7383
16 38  0 8  0.7361
67 158  0 8  0.735
143 215  0 8  0.735
45 157  0 8  0.7251
96 144  0 8  0.7229
121 136  0 8  0.7229
66 99  0 8  0.7229
99 213  0 8  0.7196
159 190  0 8  0.7174
80 128  0 8  0.7152
5 19  0 8  0.7119
55 110  0 8  0.7097
163 168  0 8  0.7086
4 16  0 8  0.7086
207 212  0 8  0.7075
73 86  0 8  0.7075
107 115  0 8  0.7064
84 198  0 8  0.7053
2 12  0 8  0.7053
118 136  0 8  0.702
8 19  0 8  0.6976
82 132  0 8  0.6932
142 148  0 8  0.6822
147 209  0 8  0.6767
147 204  0 8  0.6756
44 67  0 8  0.6745
52 210  0 8  0.6723
165 187  0 8  0.6712
8 15  0 8  0.6701
190 197  0 8  0.6668
17 25  0 8  0.6635
102 213  0 8  0.6624
4 22  0 8  0.6613
103 147  0 8  0.6602
58 109  0 8  0.6602
5 16  0 8  0.6602
4 11  0 8  0.6602
9 14  0 8  0.6591
143 216  0 8  0.658
78 155  0 8  0.6547
5 23  0 8  0.6547
92 152  0 8  0.6547
20 25  0 8  0.6536
107 216  0 8  0.6481
84 194  0 8  0.647
5 25  0 8  0.6426
16 22  0 8  0.6415
86 92  0 8  0.6415
77 84  0 8  0.6415
13 24  0 8  0.6393
19 24  0 8  0.636
117 129  0 8  0.6349
70 95  0 8  0.6349
7 24  0 8  0.6316
59 110  0 8  0.6316
124 132  0 8  0.6305
12 17  0 8  0.6294
120 130  0 8  0.6272
6 13  0 8  0.6261
91 197  0 8  0.6217
140 216  0 8  0.6195
164 190  0 8  0.6173
5 20  0 8  0.6162
127 132  0 8  0.6063
17 24  0 8  0.603
197 203  0 8  0.5986
11 20  0 8  0.5986
45 57  0 8  0.5953
159 197  0 8  0.5953
136 194  0 8  0.5931
4 17  0 8  0.5898
121 159  0 8  0.5865
59 210  0 8  0.5854
5 38  0 8  0.5854
12 24  0 8  0.5832
59 213  0 8  0.5799
79 191  0 8  0.5788
2 11  0 8  0.5788
53 207  0 8  0.5766
23 38  0 8  0.5744
41 60  0 8  0.5722
19 25  0 8  0.5689
13 19  0 8  0.5689
67 206  0 8  0.5689
22 30  0 8  0.5678
6 16  0 8  0.5656
120 128  0 8  0.5656
96 205  0 8  0.5601
95 151  0 8  0.5601
4 26  0 8  0.5601
11 21  0 8  0.5579
49 56  0 8  0.5568
142 211  0 8  0.5568
23 30  0 8  0.5546
5 24  0 8  0.5535
120 200  0 8  0.5535
96 101  0 8  0.5502
75 195  0 8  0.5502
108 184  0 8  0.548
170 181  0 8  0.548
121 139  0 8  0.5469
126 132  0 8  0.5469
5 12  0 8  0.5447
44 64  0 8  0.5414
13 23  0 8  0.5403
18 24  0 8  0.5403
8 20  0 8  0.5381
14 25  0 8  0.5381
2 23  0 8  0.5381
154 197  0 8  0.537
104 143  0 8  0.537
118 149  0 8  0.537
11 24  0 8  0.5348
52 214  0 8  0.5337
16 24  0 8  0.5337
120 161  0 8  0.5315
78 191  0 8  0.526
132 142  0 8  0.5249
119 140  0 8  0.5227
139 193  0 8  0.5194
11 17  0 8  0.5183
2 24  0 8  0.5161
34 40  0 8  0.5161
89 145  0 8  0.515
4 30  0 8  0.5128
12 23  0 8  0.5117
15 20  0 8  0.5062
138 207  0 8  0.5062
165 186  0 8  0.5062
20 38  0 8  0.504
77 86  0 8  0.504
