18 58 99 1.200645 2.404412 1.380768
20 270 98 1.194266 2.233455 1.847789
21 57 100 1.177284 1.674709 0.871837
21 270 99 1.187450 1.674709 1.847789
22 54 97 1.121490 2.037341 0.917660
24 270 97 1.213165 1.684416 1.847789
26 54 98 1.242457 2.039966 0.917660
28 277 98 1.185427 1.783890 2.163246
29 47 99 1.243936 1.995969 1.686024
31 283 97 1.227315 2.937226 3.472895
32 47 100 1.220261 2.597766 1.686024
33 47 99 1.224321 2.538943 1.686024
35 286 99 1.528242 3.292032 4.231001
44 127 99 1.153863 2.239104 2.161286
45 123 97 1.271899 1.898762 2.911957
48 97 100 1.148114 1.297911 2.101296
48 127 99 1.132076 1.297911 2.161286
48 131 100 1.277612 1.297911 1.731165
52 93 100 1.243717 0.620341 1.624427
52 94 99 1.060327 0.620341 1.614953
53 94 96 1.242138 0.450890 1.614953
53 272 96 1.346178 0.450890 1.147320
55 90 100 1.215529 1.053697 1.703982
60 87 96 1.217910 1.608725 1.780085
63 79 96 1.195241 2.401695 3.108114
81 146 99 1.395173 3.257220 3.103194
85 135 97 1.287649 2.290001 2.061447
85 142 99 1.152941 2.290001 3.097600
89 135 100 1.260239 1.877595 2.061447
92 134 97 1.129680 1.225741 1.833131
92 181 99 1.224297 1.225741 1.333240
93 134 99 1.199403 1.624780 1.833131
95 185 98 1.216382 1.325431 1.097711
96 130 98 1.143253 1.764943 2.040744
96 133 96 1.237458 1.764943 2.140766
97 127 99 1.327774 2.110849 2.197610
97 131 97 1.244048 2.110849 1.744391
98 189 98 1.258722 1.953248 1.624119
99 188 98 1.306137 2.029519 1.730581
99 192 98 1.240184 2.029519 2.367249
100 126 100 1.283767 2.481588 2.746167
100 130 100 1.401274 2.481588 2.040744
106 192 99 1.295772 3.321294 2.367249
106 195 99 1.311543 3.321294 3.127397
110 199 99 1.588074 4.136000 3.389668
200 220 96 1.665289 3.574051 3.067766
223 279 99 1.189761 2.569188 2.339424
230 275 97 1.221427 1.683388 1.799150
235 265 99 1.208691 1.305220 1.935714
