  21   57  0  100
  48  131  0  100
 100  130  0  100
  48   97  0  100
 100  126  0  100
  32   47  0  100
  80  157  0  100
  52   93  0  100
  55   90  0  100
  89  135  0  100
  29   47  0   99
  35  286  0   99
  33   47  0   99
  48  127  0   99
  21  270  0   99
 106  195  0   99
  44  127  0   99
 235  265  0   99
  93  134  0   99
  52   94  0   99
  18   58  0   99
 110  199  0   99
  85  142  0   99
 106  192  0   99
  81  146  0   99
  92  181  0   99
 223  279  0   99
  97  127  0   99
  99  188  0   98
  26   54  0   98
  96  130  0   98
  98  189  0   98
  28  277  0   98
  99  192  0   98
  95  185  0   98
  20  270  0   98
  97  131  0   97
  85  135  0   97
  24  270  0   97
 230  275  0   97
  22   54  0   97
  45  123  0   97
  31  283  0   97
  92  134  0   97
  63   79  0   96
  53  272  0   96
 200  220  0   96
  60   87  0   96
  96  133  0   96
  53   94  0   96
  45  101  0   96
 226  279  0   96
  59   90  0   96
  35  289  0   95
  44  124  0   95
  22   57  0   95
  88  138  0   95
 103  192  0   94
  24  274  0   94
  99  185  0   94
  95  231  0   94
  89  138  0   93
  96  185  0   93
  28  283  0   93
  29   50  0   93
  93  131  0   93
  96  134  0   90
 141  170  0   90
  99  189  0   90
  29   51  0   90
  52   90  0   89
  97  130  0   89
 226  275  0   89
 186  232  0   88
  29   54  0   88
 111  195  0   88
 197  221  0   87
 102  193  0   87
 182  236  0   87
  61  266  0   87
  96  181  0   86
  56  269  0   86
  53  268  0   85
 102  196  0   85
  24   50  0   83
 106  191  0   83
 101  224  0   83
  41  123  0   82
 196  224  0   81
  48  124  0   81
  21   61  0   80
 222  279  0   80
  48   93  0   79
  17  267  0   78
 189  228  0   78
  42  101  0   78
 103  188  0   77
  92  137  0   77
 161  172  0   77
  28   50  0   77
  17  270  0   76
  93  130  0   76
  45  100  0   76
 107  117  0   75
 102  192  0   75
 144  170  0   75
 107  118  0   74
 178  239  0   74
 160  170  0   74
  45  104  0   74
 109  193  0   73
  28  272  0   73
 104  118  0   73
  56   90  0   72
  95  189  0   71
  30  290  0   71
 182  239  0   70
  49   97  0   70
  45  127  0   69
  20  274  0   69
  28  273  0   68
 149  170  0   68
  94  231  0   68
  44  120  0   68
  59   86  0   68
 208  248  0   67
  22   58  0   67
  92  138  0   66
  85  139  0   65
 105  273  0   65
  45  118  0   64
  18   57  0   63
 137  177  0   63
  55   86  0   63
  95  235  0   63
 248  258  0   62
  18   65  0   61
 137  181  0   61
  52  134  0   61
  57  270  0   61
