 231  268 0 -1 5.768996
  55   94 0 -1 5.925105
 186  232 0 -1 6.014193
  57  269 0 -1 6.034351
  95  137 0 -1 6.064724
 238  261 0 -1 6.089662
 224  275 0 -1 6.116695
 133  188 0 -1 6.164254
 193  225 0 -1 6.190881
  48  101 0 -1 6.210846
  92  137 0 -1 6.210925
  99  130 0 -1 6.213738
  50  276 0 -1 6.229867
  52  189 0 -1 6.233167
  19   54 0 -1 6.239930
  95  185 0 -1 6.260461
  59  182 0 -1 6.287884
  62   87 0 -1 6.287892
  22  273 0 -1 6.301553
 140  181 0 -1 6.311033
  88  144 0 -1 6.349466
 228  272 0 -1 6.355906
  60  235 0 -1 6.360786
 235  265 0 -1 6.376657
 102  130 0 -1 6.394477
  56  232 0 -1 6.405798
  15  266 0 -1 6.416445
  12   61 0 -1 6.448678
  64  262 0 -1 6.470634
  53  228 0 -1 6.491603
 179  239 0 -1 6.499942
 102  192 0 -1 6.525259
  53  272 0 -1 6.534173
  63  239 0 -1 6.608745
 126  195 0 -1 6.617292
  88  178 0 -1 6.619822
  92  141 0 -1 6.666427
  60  265 0 -1 6.672242
  26   47 0 -1 6.672479
  99  134 0 -1 6.685378
  91  181 0 -1 6.689150
  29  280 0 -1 6.777635
 136  184 0 -1 6.777695
 106  123 0 -1 6.779562
 190  229 0 -1 6.791529
  85  144 0 -1 6.800417
  49  225 0 -1 6.856678
  67  242 0 -1 6.862554
  45  196 0 -1 6.877431
 231  272 0 -1 6.903380
 183  236 0 -1 6.926929
  84  174 0 -1 6.932378
 129  191 0 -1 6.958379
 200  218 0 -1 6.988913
 227  272 0 -1 6.999046
  99  133 0 -1 7.006851
 221  279 0 -1 7.032307
  46  279 0 -1 7.033437
  98  188 0 -1 7.035776
 242  258 0 -1 7.047556
  43  283 0 -1 7.064581
  66  175 0 -1 7.065144
 147  174 0 -1 7.065770
   8  259 0 -1 7.135676
  18  273 0 -1 7.139941
  41  108 0 -1 7.148550
 217  282 0 -1 7.151122
 238  265 0 -1 7.174515
  11  266 0 -1 7.184682
 224  279 0 -1 7.185056
  15  269 0 -1 7.186552
  81  151 0 -1 7.189686
 143  177 0 -1 7.207302
  85  148 0 -1 7.221576
 234  265 0 -1 7.246392
  18  270 0 -1 7.250845
  92  140 0 -1 7.255819
  69   80 0 -1 7.261541
  46  221 0 -1 7.266177
   5   68 0 -1 7.269674
 231  269 0 -1 7.273270
  19   57 0 -1 7.292777
 197  222 0 -1 7.293032
 106  126 0 -1 7.302683
 106  127 0 -1 7.320622
 220  279 0 -1 7.322973
  56  235 0 -1 7.343282
 109  199 0 -1 7.345604
  26   50 0 -1 7.353375
 133  184 0 -1 7.364756
 109  123 0 -1 7.365688
  52   98 0 -1 7.368301
  22  276 0 -1 7.380097
 224  276 0 -1 7.391355
 234  268 0 -1 7.396814
  48   98 0 -1 7.402177
 140  177 0 -1 7.404730
  49  228 0 -1 7.408692
  67  258 0 -1 7.418385
  70  246 0 -1 7.426118
  56  182 0 -1 7.427049
  59   91 0 -1 7.428364
  91  182 0 -1 7.435257
 227  275 0 -1 7.451063
  55   91 0 -1 7.458938
  25  277 0 -1 7.459167
  98  189 0 -1 7.464784
  71  255 0 -1 7.494750
  96  137 0 -1 7.508605
 186  229 0 -1 7.508951
  15   57 0 -1 7.520059
 103  130 0 -1 7.537046
 182  236 0 -1 7.550202
  22  277 0 -1 7.556271
   8  262 0 -1 7.558873
  19  273 0 -1 7.566054
 179  236 0 -1 7.599166
  22   50 0 -1 7.611948
  96  134 0 -1 7.624326
 172  246 0 -1 7.634717
 119  202 0 -1 7.636261
  81  171 0 -1 7.640452
  88  141 0 -1 7.645365
  95  133 0 -1 7.650638
  95  134 0 -1 7.650897
  11  263 0 -1 7.652927
  49  189 0 -1 7.658851
  25  280 0 -1 7.661397
  77  167 0 -1 7.682750
  15  270 0 -1 7.698734
  94  185 0 -1 7.699521
 176  243 0 -1 7.708040
 122  198 0 -1 7.716254
  53  273 0 -1 7.720737
 137  181 0 -1 7.726937
 189  229 0 -1 7.727057
  87  178 0 -1 7.745859
   4  259 0 -1 7.750455
  26  280 0 -1 7.754713
  51   98 0 -1 7.774462
  56  186 0 -1 7.782697
  53  269 0 -1 7.785312
  12   64 0 -1 7.811079
  46  280 0 -1 7.816617
 238  262 0 -1 7.818062
  63  175 0 -1 7.824909
  63  242 0 -1 7.828435
  55  185 0 -1 7.842600
 126  191 0 -1 7.847194
  15   61 0 -1 7.859317
  52  228 0 -1 7.862065
  41  105 0 -1 7.873143
  46  276 0 -1 7.873442
  89  141 0 -1 7.877631
 130  188 0 -1 7.882744
 175  243 0 -1 7.893642
 137  184 0 -1 7.894050
 144  177 0 -1 7.911633
  29  284 0 -1 7.912692
  51   97 0 -1 7.913191
  56  231 0 -1 7.916358
  52  185 0 -1 7.918371
  88  140 0 -1 7.919787
 147  170 0 -1 7.932275
  49  276 0 -1 7.934116
  12  266 0 -1 7.939534
  45  105 0 -1 7.943645
  42  218 0 -1 7.944098
  33   43 0 -1 7.948123
  52   94 0 -1 7.951208
  91  178 0 -1 7.953882
  98  185 0 -1 7.954306
  22   54 0 -1 7.956416
 193  222 0 -1 7.957511
 102  126 0 -1 7.957959
 241  261 0 -1 7.960374
  44  105 0 -1 7.961324
 129  188 0 -1 7.964209
  42  221 0 -1 7.980237
  59  178 0 -1 7.986135
 103  127 0 -1 7.987030
 217  286 0 -1 7.988867
  58   90 0 -1 7.990978
  56  185 0 -1 7.993595
  59   87 0 -1 7.995556
  78  151 0 -1 7.996114
