21 57  0 8  0.9
48 131  0 8  0.9
100 130  0 8  0.9
48 97  0 8  0.9
100 126  0 8  0.9
106 111  0 8  0.9
38 43  0 8  0.9
32 47  0 8  0.9
80 157  0 8  0.9
52 93  0 8  0.9
55 90  0 8  0.9
89 135  0 8  0.9
29 47  0 8  0.8989
35 286  0 8  0.8989
33 47  0 8  0.8989
48 127  0 8  0.8989
21 270  0 8  0.8989
106 195  0 8  0.8989
44 127  0 8  0.8978
235 265  0 8  0.8967
93 134  0 8  0.8967
52 94  0 8  0.8956
18 58  0 8  0.8956
110 199  0 8  0.8934
85 142  0 8  0.8923
106 192  0 8  0.8923
81 146  0 8  0.8912
92 181  0 8  0.8901
223 279  0 8  0.8901
97 127  0 8  0.8901
99 188  0 8  0.8879
26 54  0 8  0.8857
96 130  0 8  0.8835
98 189  0 8  0.8835
28 277  0 8  0.8813
99 192  0 8  0.8802
95 185  0 8  0.8802
20 270  0 8  0.8802
97 131  0 8  0.878
85 135  0 8  0.878
24 270  0 8  0.8769
230 275  0 8  0.8769
22 54  0 8  0.8769
45 123  0 8  0.8758
31 283  0 8  0.8736
32 39  0 8  0.8725
92 134  0 8  0.8725
111 117  0 8  0.8725
63 79  0 8  0.8681
53 272  0 8  0.8681
200 220  0 8  0.8648
60 87  0 8  0.8637
96 133  0 8  0.8637
53 94  0 8  0.8626
45 101  0 8  0.8615
226 279  0 8  0.8615
59 90  0 8  0.8615
35 289  0 8  0.8582
44 124  0 8  0.8571
22 57  0 8  0.856
88 138  0 8  0.8505
103 192  0 8  0.8494
24 274  0 8  0.8494
99 185  0 8  0.8494
95 231  0 8  0.8472
89 138  0 8  0.8395
96 185  0 8  0.8373
28 283  0 8  0.8373
29 50  0 8  0.8329
178 183  0 8  0.8329
93 131  0 8  0.8307
153 160  0 8  0.8252
32 38  0 8  0.8087
96 134  0 8  0.8076
141 170  0 8  0.8065
99 189  0 8  0.8032
29 51  0 8  0.801
52 90  0 8  0.7988
97 130  0 8  0.7911
226 275  0 8  0.79
186 232  0 8  0.7878
29 54  0 8  0.7856
111 195  0 8  0.7856
218 223  0 8  0.7812
197 221  0 8  0.7768
157 162  0 8  0.7768
272 280  0 8  0.7768
102 193  0 8  0.7746
182 236  0 8  0.7746
67 73  0 8  0.7713
61 266  0 8  0.7702
96 181  0 8  0.7636
56 269  0 8  0.7603
53 268  0 8  0.7548
102 196  0 8  0.7515
252 257  0 8  0.746
24 50  0 8  0.7383
106 191  0 8  0.7383
101 224  0 8  0.7361
250 255  0 8  0.7273
253 258  0 8  0.7251
41 123  0 8  0.724
196 224  0 8  0.7196
48 124  0 8  0.7119
21 61  0 8  0.7097
222 279  0 8  0.7075
211 216  0 8  0.7064
251 257  0 8  0.6987
48 93  0 8  0.6932
174 179  0 8  0.6877
17 267  0 8  0.6855
179 185  0 8  0.6855
189 228  0 8  0.6822
42 101  0 8  0.68
66 74  0 8  0.6778
103 188  0 8  0.6767
92 137  0 8  0.6767
161 172  0 8  0.6723
28 50  0 8  0.6712
233 240  0 8  0.6679
17 270  0 8  0.6646
252 258  0 8  0.6646
93 130  0 8  0.6646
231 237  0 8  0.6624
108 113  0 8  0.6624
45 100  0 8  0.6613
107 117  0 8  0.6591
102 192  0 8  0.658
144 170  0 8  0.658
251 258  0 8  0.6525
107 118  0 8  0.6492
178 239  0 8  0.6437
160 170  0 8  0.6415
45 104  0 8  0.6404
108 115  0 8  0.6393
109 193  0 8  0.6349
28 272  0 8  0.6349
104 118  0 8  0.6327
56 90  0 8  0.6206
95 189  0 8  0.6195
30 290  0 8  0.6162
182 239  0 8  0.6096
49 97  0 8  0.6074
221 227  0 8  0.6074
249 257  0 8  0.603
75 83  0 8  0.5986
45 127  0 8  0.5953
20 274  0 8  0.5931
28 273  0 8  0.5887
47 52  0 8  0.5887
39 47  0 8  0.5876
189 197  0 8  0.5865
149 170  0 8  0.5854
94 231  0 8  0.5854
244 249  0 8  0.5854
61 66  0 8  0.5821
44 120  0 8  0.5821
59 86  0 8  0.581
208 248  0 8  0.5799
33 39  0 8  0.5733
118 126  0 8  0.5733
22 58  0 8  0.5722
249 254  0 8  0.5711
92 138  0 8  0.5689
251 256  0 8  0.5689
180 185  0 8  0.5557
85 139  0 8  0.5546
105 273  0 8  0.5524
245 250  0 8  0.5458
45 118  0 8  0.5425
18 57  0 8  0.5348
137 177  0 8  0.5348
55 86  0 8  0.5326
95 235  0 8  0.5304
248 253  0 8  0.5216
248 258  0 8  0.5205
18 65  0 8  0.5172
137 181  0 8  0.5172
52 134  0 8  0.5161
57 270  0 8  0.5128
