batch7.238 8.250 54.3739 12
batch28.221 8.717 54.1226 17
batch167.139 7.773 54.118 16
batch88.181 8.394 54.086 17
batch20.10 9.649 54.0492 15
batch198.177 8.027 54.0383 15
batch33.12 7.809 54.0275 16
batch59.244 9.273 54.0243 14
batch54.171 7.905 54.0124 10
batch74.102 10.335 54.0107 16
batch47.234 11.658 54.0085 17
batch59.63 11.777 54.0077 11
batch66.124 10.492 54.0022 14
batch82.5 8.813 53.9341 16
batch69.116 7.145 53.9297 16
batch45.94 10.532 53.9013 17
batch127.223 9.680 53.897 12
batch66.14 13.024 53.8297 10
batch189.195 9.052 53.801 15
batch148.20 7.901 53.7963 17
batch50.256 7.653 53.7877 15
batch145.263 9.092 53.7876 9
batch92.176 8.025 53.7856 13
batch133.58 8.879 53.7792 17
batch181.95 8.278 53.7624 14
batch193.173 7.694 53.756 16
batch64.262 7.829 53.7548 17
batch196.144 8.768 53.7488 17
batch82.10 7.409 53.7315 16
batch53.101 12.517 53.7282 13
batch123.148 10.909 53.725 14
batch166.118 11.298 53.7198 16
batch199.11 8.021 53.6918 17
batch168.217 9.194 53.6806 15
batch117.62 8.188 53.6802 17
batch188.234 7.547 53.6792 16
batch95.31 8.472 53.6772 14
batch142.56 7.915 53.6749 16
batch10.84 12.572 53.6693 8
batch47.74 12.970 53.6618 15
batch99.156 13.591 53.6558 16
batch136.224 7.720 53.6536 17
batch115.150 9.823 53.6334 17
batch195.10 12.963 53.627 17
batch44.146 9.914 53.6051 12
batch154.35 9.526 53.5997 15
batch85.278 8.129 53.5996 9
batch91.194 12.088 53.5827 16
batch144.201 9.238 53.5753 17
batch191.65 6.327 53.5713 17
batch119.21 8.655 53.5615 13
batch77.249 8.701 53.5577 17
batch10.232 10.964 53.5546 17
batch66.56 9.831 53.5471 17
batch80.239 6.608 53.5363 15
batch98.132 8.637 53.5295 15
batch94.193 11.893 53.524 12
batch83.254 11.440 53.5208 11
batch69.88 10.301 53.5192 10
batch195.260 11.404 53.5081 14
batch55.236 7.393 53.5065 16
batch175.124 9.772 53.5045 13
batch157.169 12.713 53.5036 17
batch30.22 9.309 53.4964 15
batch168.74 10.429 53.4934 16
batch37.105 10.517 53.4822 15
batch70.146 7.912 53.4794 17
batch34.205 11.076 53.476 17
batch89.91 7.970 53.4753 15
batch149.123 8.758 53.4664 13
batch9.274 12.585 53.4658 16
batch75.59 9.267 53.4652 16
batch67.279 9.219 53.4625 14
batch59.225 8.600 53.4585 17
batch160.163 9.711 53.4532 16
batch65.141 11.049 53.4493 14
batch112.154 9.122 53.4478 16
batch75.21 13.061 53.4455 15
batch161.180 9.112 53.443 9
batch194.11 9.133 53.4326 16
batch106.140 9.170 53.4308 16
batch193.109 12.949 53.4297 15
batch6.16 9.101 53.4194 17
batch58.142 9.700 53.4164 17
batch26.213 10.893 53.411 16
batch5.128 8.093 53.4094 17
batch17.178 10.910 53.4084 17
batch43.202 8.653 53.4037 15
batch91.132 8.484 53.3944 14
batch36.86 9.137 53.3901 16
batch70.31 8.566 53.3893 15
batch11.219 8.759 53.3863 17
batch4.241 10.628 53.3844 17
batch17.45 9.263 53.3837 16
batch21.232 8.617 53.3828 14
batch82.199 7.085 53.3763 15
batch83.215 7.605 53.3666 13
batch30.232 8.599 53.3644 16
batch169.109 8.498 53.3604 16
batch123.139 7.567 53.3595 17
batch198.258 9.572 53.3557 17
batch26.218 7.984 53.3551 17
batch16.17 8.969 53.3508 16
batch17.102 13.338 53.3475 15
batch122.192 8.106 53.344 9
batch97.127 10.020 53.3438 17
batch72.36 12.008 53.342 17
batch133.170 8.669 53.3354 16
batch92.24 9.424 53.332 14
batch170.200 8.454 53.3307 14
batch36.27 9.762 53.3226 15
batch26.28 10.383 53.3222 16
batch11.21 7.920 53.3203 17
batch181.144 12.668 53.3154 15
batch56.94 11.492 53.3141 17
batch57.97 11.143 53.3132 17
batch59.170 11.944 53.2985 17
batch163.200 10.683 53.2968 16
batch13.92 9.295 53.2961 15
batch145.272 8.539 53.2903 13
batch41.20 10.280 53.2865 14
batch70.51 10.512 53.2823 13
batch164.40 7.993 53.2803 11
batch28.132 7.600 53.2757 15
batch55.27 11.893 53.2752 16
batch11.137 9.885 53.2752 17
batch156.80 9.499 53.2751 7
batch135.83 8.454 53.2662 15
batch163.249 8.824 53.2623 12
batch123.159 7.964 53.2613 12
batch26.207 9.957 53.2581 16
batch88.222 9.565 53.2557 14
batch59.104 8.361 53.2549 16
batch23.200 7.977 53.2546 16
batch125.223 10.867 53.2527 16
batch150.173 9.603 53.2523 16
batch48.184 8.779 53.2435 11
batch129.241 9.678 53.2395 17
batch64.188 13.143 53.2392 17
batch39.250 8.671 53.2331 17
batch137.5 10.400 53.228 17
batch128.28 9.101 53.2278 17
batch53.78 9.499 53.2271 17
batch31.216 10.230 53.227 14
batch136.266 9.296 53.2265 12
batch5.230 9.714 53.2251 15
batch118.217 11.613 53.2221 14
batch20.227 13.151 53.2205 16
batch74.110 8.293 53.2128 16
batch64.213 8.171 53.2117 17
batch15.83 8.904 53.2116 9
batch24.46 10.827 53.2107 12
batch142.14 8.196 53.2086 16
batch181.259 11.912 53.2068 17
batch136.245 9.634 53.2014 13
batch62.145 8.077 53.1931 12
batch100.106 11.866 53.1921 15
batch97.255 11.936 53.1913 17
batch107.71 8.384 53.1907 17
batch63.143 9.481 53.1898 16
batch72.10 9.561 53.1887 10
batch34.283 11.938 53.1878 13
batch129.125 8.995 53.1814 16
batch178.125 7.633 53.1783 17
batch149.241 8.969 53.177 16
batch43.57 9.865 53.1744 14
batch152.194 9.894 53.1673 12
batch175.155 8.954 53.1582 14
batch175.131 10.505 53.1567 16
batch91.248 9.215 53.1546 16
batch9.183 7.710 53.1539 16
batch74.277 10.223 53.1532 17
batch68.277 10.285 53.1506 16
batch83.129 10.234 53.148 13
batch29.88 9.774 53.1472 17
batch182.242 9.861 53.1462 16
batch43.18 11.150 53.1392 11
batch33.123 8.828 53.1358 16
batch51.56 11.334 53.1319 11
batch44.104 11.662 53.131 17
batch39.75 10.716 53.1307 17
batch17.270 8.818 53.1295 9
batch32.236 10.801 53.1287 17
batch148.6 9.568 53.1275 17
batch192.21 9.421 53.1256 14
batch76.55 8.915 53.1254 15
batch165.23 10.779 53.1242 12
batch51.163 13.129 53.1228 15
batch39.38 12.147 53.1226 16
batch4.49 11.732 53.1221 13
batch171.19 9.133 53.1207 17
batch8.194 9.666 53.1144 17
batch174.92 8.663 53.1079 17
batch135.208 10.698 53.1075 15
batch94.15 9.763 53.1071 17
batch71.244 8.104 53.1053 17
batch23.147 8.849 53.1047 14
batch133.59 8.786 53.104 15
batch44.186 8.330 53.1016 16
batch79.107 9.310 53.0998 14
batch122.61 8.479 53.098 17
batch7.4 10.309 53.0962 14
batch110.213 6.552 53.0952 11
batch82.216 9.508 53.0928 15
batch17.37 8.723 53.0917 16
batch83.140 8.461 53.09 13
batch30.179 10.880 53.0868 16
batch82.112 8.366 53.083 17
batch111.66 12.953 53.0788 13
batch55.209 13.653 53.0714 17
batch92.169 7.976 53.0699 15
batch97.105 11.788 53.0696 16
batch67.3 10.348 53.0673 14
batch129.147 9.161 53.0653 16
batch43.51 9.611 53.0651 10
batch63.47 9.164 53.0644 17
batch79.95 9.222 53.0639 13
batch119.260 7.410 53.0616 15
batch148.81 8.846 53.0565 15
batch47.83 8.202 53.0558 15
batch89.119 10.573 53.0547 12
batch89.160 10.075 53.0539 16
batch19.13 11.364 53.0512 16
batch90.183 11.803 53.0494 15
batch57.174 7.975 53.0473 16
batch118.273 8.114 53.0471 14
batch82.256 7.443 53.0457 14
batch124.267 9.713 53.0427 11
batch71.112 8.724 53.0423 12
batch15.22 9.743 53.0405 13
batch23.42 8.780 53.0404 15
batch199.134 9.961 53.0399 17
batch199.171 6.052 53.0385 16
batch69.275 11.898 53.0361 13
batch42.89 9.307 53.0346 5
batch192.192 10.864 53.0265 17
batch108.240 8.329 53.0255 13
batch97.126 9.812 53.0231 12
batch49.58 9.691 53.0202 15
batch128.174 11.635 53.0192 17
batch78.87 9.286 53.0164 17
batch108.165 10.402 53.0158 16
batch24.29 10.050 53.0139 14
batch75.31 11.750 53.0117 13
batch109.7 10.015 53.0108 13
batch35.228 8.991 53.0106 17
batch30.197 10.522 53.0104 16
batch141.225 7.553 53.0086 14
batch57.119 8.853 53.0027 17
batch75.8 10.288 53.0016 13
batch128.182 11.324 52.9983 17
batch31.199 7.399 52.9967 13
batch178.196 8.854 52.9962 16
batch150.209 8.540 52.9946 17
batch75.243 11.986 52.9943 13
batch67.152 9.620 52.9943 17
batch129.260 11.870 52.9943 17
batch178.44 7.016 52.9915 14
batch117.111 10.230 52.9878 14
batch39.268 7.534 52.9873 17
batch195.134 10.037 52.9839 16
batch37.171 8.809 52.977 16
batch174.55 11.327 52.977 9
batch46.258 8.738 52.9761 17
batch100.160 9.987 52.9719 16
batch141.72 10.158 52.9706 15
batch124.262 7.844 52.9702 16
batch153.73 9.177 52.9684 12
batch182.82 9.981 52.967 12
batch59.181 9.390 52.9669 15
batch61.251 12.933 52.9643 17
batch4.151 7.571 52.9637 13
batch186.81 11.314 52.9618 17
batch129.34 11.352 52.9618 16
batch184.17 10.186 52.9611 16
batch150.66 12.663 52.9608 16
batch13.117 10.327 52.9604 16
batch67.71 10.574 52.9597 14
batch156.106 12.226 52.9595 16
batch45.185 9.890 52.9588 15
batch67.63 9.928 52.9566 17
batch89.42 9.723 52.9564 17
batch108.9 9.001 52.9561 17
batch28.264 8.587 52.9547 14
batch34.246 11.610 52.9534 17
batch19.59 9.949 52.9534 15
batch25.134 10.489 52.9519 14
batch20.263 10.126 52.9512 14
batch66.217 9.957 52.951 17
batch155.199 9.330 52.9508 16
batch88.281 8.644 52.9507 14
batch66.239 11.455 52.9505 16
batch19.191 10.273 52.9479 15
batch180.196 7.775 52.9478 15
batch56.281 8.227 52.9462 16
batch149.99 9.792 52.9453 16
batch188.236 8.547 52.9431 17
batch151.33 11.731 52.9431 17
batch127.104 10.761 52.9414 16
batch5.263 8.475 52.941 10
batch197.32 9.596 52.9399 15
batch104.156 8.954 52.9385 17
batch87.125 10.639 52.9378 16
batch197.192 9.611 52.9364 16
batch124.261 9.527 52.935 14
batch182.149 9.024 52.9301 15
batch68.95 9.177 52.928 12
batch55.240 10.729 52.9275 14
batch76.164 8.683 52.927 12
batch40.77 7.860 52.9269 17
batch23.106 12.062 52.9236 17
batch125.198 9.392 52.9228 16
batch54.187 8.333 52.9212 15
batch60.104 10.054 52.9208 14
batch133.122 7.904 52.9193 14
batch131.202 8.355 52.9174 13
batch6.19 10.517 52.9156 13
batch45.108 11.220 52.9152 14
batch33.79 8.978 52.914 15
batch54.75 8.395 52.9139 15
batch87.7 11.454 52.9123 15
batch164.209 10.479 52.911 12
batch183.276 8.385 52.9108 10
batch111.124 9.200 52.9099 16
batch85.30 9.720 52.9088 13
batch54.81 11.659 52.9065 15
batch128.173 10.629 52.9064 17
batch30.93 8.267 52.9061 16
batch96.148 13.204 52.9059 10
batch70.246 13.126 52.9058 14
batch149.193 9.837 52.9047 9
batch191.27 12.341 52.9029 16
batch99.176 7.592 52.9019 8
batch82.36 9.581 52.8981 15
batch11.129 8.244 52.8949 17
batch60.80 9.034 52.8942 15
batch43.116 9.712 52.8931 16
batch83.246 11.027 52.8929 15
batch96.169 9.196 52.8919 17
batch120.134 9.318 52.884 15
batch90.111 7.842 52.8825 16
batch58.38 9.831 52.88 17
batch33.238 11.004 52.8798 15
batch140.104 9.875 52.8788 15
batch112.53 9.141 52.8778 16
batch51.97 8.477 52.8763 9
batch158.156 8.915 52.8725 17
batch143.214 9.728 52.8721 15
batch87.76 9.943 52.8683 17
batch52.42 10.361 52.867 15
batch96.211 10.006 52.8661 15
batch181.39 8.081 52.8656 14
batch46.241 8.759 52.8644 16
batch106.14 9.745 52.8642 17
batch49.173 6.895 52.864 14
batch70.96 9.365 52.8633 16
batch51.90 11.008 52.8624 15
batch149.51 10.074 52.861 14
batch69.30 11.212 52.8583 17
batch134.181 9.671 52.8564 17
batch95.64 11.164 52.8551 16
batch137.276 9.646 52.8544 16
batch105.236 12.049 52.8531 12
batch37.21 7.616 52.8528 14
batch195.192 8.222 52.8498 13
batch127.171 11.214 52.8495 17
batch70.7 10.614 52.8492 14
batch147.108 9.738 52.849 16
batch75.92 8.076 52.8481 15
batch48.94 8.439 52.848 15
batch52.206 10.663 52.8471 14
batch195.87 7.271 52.8464 17
batch35.18 13.262 52.8404 16
batch9.266 10.440 52.8401 13
batch135.154 8.519 52.8386 15
batch6.57 11.151 52.8382 17
batch99.131 8.722 52.8376 14
batch86.192 12.587 52.8365 14
batch56.168 9.122 52.8356 17
batch149.49 8.979 52.8354 14
batch152.204 9.017 52.8347 11
batch13.260 9.001 52.8347 16
batch21.89 12.687 52.8343 9
batch151.202 8.837 52.8343 16
batch58.1 12.650 52.8331 12
batch179.185 9.598 52.8327 15
batch114.266 8.651 52.8314 13
batch39.215 8.427 52.8297 16
batch77.78 8.319 52.8296 16
batch144.151 9.120 52.8279 14
batch105.239 13.561 52.8271 16
batch9.259 8.895 52.8266 15
batch93.24 8.732 52.826 17
batch166.277 8.749 52.8256 17
batch75.234 9.756 52.8245 14
batch65.120 10.280 52.8245 16
batch2.210 10.695 52.8242 17
batch150.266 11.401 52.8242 10
batch61.177 10.280 52.8237 17
batch36.230 10.257 52.8232 14
batch5.168 9.035 52.8224 17
batch27.102 9.471 52.8195 13
batch117.4 9.196 52.8193 16
batch65.148 8.445 52.8191 17
batch64.221 10.427 52.8179 12
batch77.255 8.575 52.8177 17
batch117.236 8.700 52.8154 16
batch49.241 12.711 52.8128 17
batch127.89 9.312 52.81 12
batch132.34 11.695 52.8087 8
batch90.139 10.212 52.8086 16
batch16.221 8.380 52.8059 16
batch13.257 12.029 52.8058 15
batch120.229 9.338 52.8056 13
batch129.217 10.546 52.8054 12
batch142.23 8.023 52.8045 14
batch43.136 10.911 52.803 13
batch23.16 8.877 52.8028 15
batch50.276 9.070 52.8017 14
batch150.74 8.681 52.8013 14
batch13.219 8.361 52.8009 17
batch110.167 7.237 52.8005 15
batch161.174 12.253 52.7984 15
batch55.126 11.512 52.7965 14
batch65.242 8.008 52.7951 16
batch55.90 12.958 52.7939 16
batch51.178 10.602 52.793 16
batch73.168 12.138 52.7925 16
batch186.5 11.636 52.7912 17
batch144.197 12.055 52.7866 15
batch51.112 12.935 52.7844 13
batch70.79 8.754 52.7836 15
batch56.244 9.475 52.7809 17
batch42.277 10.271 52.7808 12
batch149.129 8.868 52.7779 14
batch156.20 8.938 52.7774 17
batch154.256 11.790 52.777 17
batch121.123 11.366 52.7764 11
batch98.197 8.679 52.776 14
batch13.136 12.444 52.7757 16
batch84.88 8.391 52.7748 7
batch63.164 10.715 52.7744 14
batch85.13 9.938 52.7743 17
batch50.109 9.373 52.7743 15
batch172.266 9.039 52.7733 17
batch117.109 8.331 52.7729 12
batch37.247 10.192 52.7726 15
batch95.212 8.005 52.7717 15
batch138.184 8.469 52.7711 15
batch82.32 7.601 52.771 16
batch171.154 9.616 52.7698 14
batch195.172 8.075 52.7682 17
batch53.22 10.865 52.7681 15
batch22.140 11.163 52.7668 15
batch147.209 9.609 52.7593 17
batch120.130 6.893 52.7591 14
batch16.261 9.215 52.7584 12
batch191.84 11.678 52.7578 17
batch83.103 8.845 52.7545 14
batch28.39 9.178 52.7527 16
batch17.225 12.816 52.7517 16
batch64.154 7.658 52.7504 15
batch39.33 11.228 52.7504 14
batch21.14 7.665 52.7495 14
batch75.254 12.556 52.7473 17
batch7.158 7.768 52.7462 11
batch189.244 9.573 52.7458 11
batch33.273 11.117 52.7439 16
batch181.149 12.232 52.7438 17
batch125.141 8.213 52.7424 17
batch59.64 11.488 52.7405 17
batch63.147 8.097 52.7403 13
batch170.160 9.093 52.7403 17
batch20.174 10.806 52.7398 12
batch46.26 11.237 52.7389 9
batch82.258 10.604 52.7382 14
batch17.115 10.704 52.7351 14
batch140.159 8.719 52.7344 14
batch179.254 9.378 52.7276 12
batch190.209 11.344 52.7274 15
batch103.194 10.740 52.7259 13
batch122.88 10.976 52.7241 17
batch61.121 12.511 52.7234 17
batch79.56 7.795 52.7226 5
batch25.24 8.633 52.7226 14
batch92.84 9.658 52.7209 16
batch114.247 8.558 52.7199 16
batch13.131 8.814 52.717 17
batch155.72 6.982 52.7148 16
batch149.140 10.741 52.7139 17
batch29.279 10.669 52.7131 16
batch104.255 10.479 52.7126 15
batch109.172 8.554 52.7107 17
batch79.258 9.064 52.7099 17
batch143.222 10.974 52.7088 15
batch192.52 11.036 52.7076 16
batch92.33 11.326 52.7053 13
batch13.137 9.494 52.7044 16
batch33.248 9.133 52.7013 15
batch57.40 13.213 52.6983 15
batch188.194 6.148 52.6958 13
batch180.134 10.627 52.6944 17
batch25.131 8.677 52.6942 16
batch104.186 12.080 52.6941 14
batch62.210 8.227 52.6938 17
batch164.236 10.022 52.6916 16
batch12.215 8.908 52.6904 9
batch45.160 10.110 52.6895 16
batch58.3 10.036 52.6887 14
batch47.187 8.776 52.6883 15
batch103.57 7.498 52.688 15
batch90.60 9.801 52.6839 15
batch48.195 8.888 52.6797 15
batch122.105 8.786 52.6789 17
batch81.82 10.070 52.6784 15
batch36.227 9.111 52.6779 17
batch83.55 10.217 52.6753 14
batch196.247 12.533 52.6696 17
batch116.46 8.754 52.6688 15
batch89.224 10.411 52.6681 15
batch82.137 6.421 52.6672 15
batch3.217 11.403 52.6667 15
batch50.171 7.458 52.6665 17
batch30.251 8.022 52.6662 15
batch141.97 9.576 52.6651 15
batch199.20 9.014 52.6638 8
batch166.100 11.011 52.6615 14
batch42.260 7.991 52.6595 12
batch74.20 10.074 52.6594 15
batch100.130 9.703 52.6586 15
batch49.86 8.985 52.6568 11
batch71.160 10.290 52.6553 13
batch79.73 8.377 52.6527 15
batch127.75 12.273 52.6522 17
batch198.18 11.433 52.6521 17
batch8.16 7.959 52.6518 13
batch35.15 9.587 52.6512 17
batch116.159 8.443 52.6509 15
batch75.29 10.648 52.65 9
batch88.38 10.150 52.6486 12
batch144.173 13.045 52.6482 17
batch80.279 8.420 52.6479 14
batch134.42 10.644 52.6457 17
batch49.26 12.289 52.6453 12
batch75.211 10.195 52.6451 14
batch164.54 10.308 52.6439 17
batch76.220 11.136 52.643 15
batch134.188 9.008 52.6429 15
batch43.98 10.221 52.6416 14
batch40.21 8.016 52.6405 14
batch82.102 8.901 52.64 14
batch43.76 9.588 52.6391 16
batch46.124 11.910 52.6376 11
batch188.187 9.588 52.6371 16
batch83.14 11.101 52.6367 17
batch156.237 9.986 52.6363 13
batch171.146 7.844 52.6354 15
batch74.89 11.767 52.6321 17
batch66.229 8.987 52.6308 17
batch79.99 8.215 52.6306 16
batch142.150 8.956 52.6302 13
batch94.202 8.827 52.6289 14
batch79.130 12.264 52.6283 14
batch174.127 9.026 52.6279 16
batch199.177 8.107 52.6278 15
batch74.84 8.941 52.6262 15
batch27.242 8.409 52.6261 17
batch126.229 12.390 52.626 13
batch4.203 8.925 52.6252 17
batch159.110 8.495 52.6251 13
batch1.22 10.368 52.6246 17
batch197.63 11.248 52.6238 15
batch51.124 9.047 52.6237 14
batch128.224 9.602 52.6237 17
batch74.14 11.573 52.6227 15
batch59.157 10.734 52.6217 15
batch43.149 10.406 52.6201 15
batch173.188 8.439 52.62 13
batch70.234 9.864 52.6197 11
batch139.154 11.532 52.6196 12
batch93.234 12.455 52.6184 17
batch47.118 10.124 52.6151 13
batch158.79 9.472 52.6151 12
batch17.111 8.316 52.615 15
batch122.213 10.987 52.6148 15
batch137.274 8.304 52.6113 13
batch96.14 8.150 52.6094 14
batch39.160 8.143 52.6091 16
batch121.133 11.053 52.6076 15
batch56.175 9.982 52.6057 17
batch74.238 9.650 52.6043 15
batch81.112 8.940 52.6039 10
batch66.105 11.066 52.6037 17
batch6.81 9.489 52.5987 12
batch194.151 13.209 52.5969 14
batch106.271 8.889 52.5963 17
batch73.91 10.527 52.5947 10
batch178.181 9.733 52.5938 15
batch177.273 8.284 52.5921 15
batch148.194 10.340 52.5907 14
batch159.22 10.054 52.589 13
batch152.150 9.203 52.5887 13
batch80.32 10.979 52.5882 13
batch67.6 8.885 52.5875 14
batch194.214 12.024 52.5861 16
batch15.240 8.901 52.5849 15
batch139.218 11.148 52.5847 17
batch182.73 13.543 52.584 17
batch41.185 7.909 52.5835 17
batch11.189 7.771 52.5813 13
batch126.243 9.038 52.5798 17
batch194.174 10.273 52.5796 16
batch188.241 7.898 52.5795 17
batch107.117 8.530 52.5794 12
batch27.27 12.213 52.5793 17
batch78.238 7.824 52.5779 17
batch197.11 9.630 52.5778 14
batch195.57 11.229 52.5757 15
batch88.109 7.867 52.5747 15
batch43.55 10.328 52.572 14
batch156.62 10.830 52.5706 14
batch70.181 9.526 52.5702 15
batch80.57 7.853 52.5698 17
batch13.230 10.632 52.5696 13
batch3.145 8.193 52.5675 14
batch185.13 9.362 52.5672 14
batch17.125 8.516 52.5666 13
batch76.81 12.011 52.5657 14
batch174.50 7.249 52.5636 17
batch88.177 9.689 52.5633 17
batch168.235 9.313 52.5633 15
batch151.149 10.560 52.563 17
batch135.90 8.609 52.5584 17
batch110.207 10.617 52.5531 17
batch182.223 11.821 52.5508 16
batch5.158 8.436 52.5486 13
batch51.252 10.406 52.5473 14
batch113.126 9.102 52.5461 16
batch155.5 8.932 52.5459 16
batch103.88 8.186 52.5458 16
batch154.15 11.387 52.5457 11
batch196.159 11.128 52.5452 17
batch72.176 9.239 52.5439 16
batch56.207 9.206 52.5431 16
batch106.231 8.914 52.5431 17
batch196.256 10.394 52.5429 16
batch3.255 9.036 52.5422 16
batch19.247 6.498 52.5416 15
batch79.33 8.333 52.5414 17
batch53.245 8.789 52.5414 9
batch44.90 10.481 52.5413 11
batch128.189 11.718 52.5386 15
batch96.244 9.079 52.5385 16
batch100.203 10.799 52.5384 17
batch174.216 9.793 52.5382 11
batch143.6 9.557 52.5369 17
batch64.59 8.070 52.5364 15
batch196.79 10.054 52.5364 10
batch21.22 10.583 52.5361 16
batch40.24 10.660 52.536 13
batch104.48 9.738 52.5359 12
batch97.104 10.872 52.5356 17
batch42.184 13.212 52.5344 17
batch194.113 9.994 52.5336 14
batch117.83 7.855 52.5328 16
batch123.84 7.434 52.5325 15
batch108.40 9.999 52.5289 15
batch69.32 9.982 52.5276 17
batch54.78 11.434 52.5275 14
batch191.263 12.460 52.5266 14
batch186.178 10.989 52.5259 17
batch138.244 9.595 52.5253 15
batch41.66 10.297 52.5252 12
batch123.114 12.698 52.5242 16
batch47.28 9.929 52.523 16
batch7.49 9.998 52.5217 16
batch36.68 9.327 52.5198 16
batch166.23 9.850 52.5188 13
batch193.97 10.844 52.5185 12
batch29.51 8.935 52.5174 14
batch32.87 11.649 52.5166 12
batch196.70 8.312 52.514 15
batch110.220 9.860 52.5124 14
batch84.205 11.507 52.5122 17
batch75.200 11.872 52.5121 17
batch8.56 7.819 52.512 17
batch145.264 10.208 52.5115 16
batch120.132 11.646 52.5098 13
batch145.239 11.297 52.5091 10
batch198.189 8.152 52.5064 17
batch151.187 11.873 52.5029 9
batch187.107 11.709 52.5024 17
batch6.269 11.506 52.502 14
batch194.77 10.673 52.5014 14
batch25.31 10.422 52.501 17
batch95.203 10.727 52.5008 12
batch77.251 11.200 52.5001 17
batch62.240 8.679 52.4996 16
batch17.250 8.998 52.4993 12
batch80.168 11.510 52.499 15
batch52.50 12.048 52.4975 17
batch12.245 9.338 52.4968 16
batch99.60 10.532 52.4952 12
batch75.185 8.359 52.4922 17
batch1.221 8.439 52.4912 17
batch152.162 11.455 52.4903 17
batch118.227 9.568 52.4902 17
batch146.49 11.002 52.4891 13
batch158.278 10.002 52.4886 17
batch88.202 10.000 52.4881 16
batch182.135 11.650 52.4873 16
batch158.271 9.841 52.4873 13
batch14.117 10.188 52.4873 17
batch35.142 8.920 52.4846 17
batch45.192 8.357 52.4837 15
batch186.91 9.822 52.4834 17
batch50.27 11.456 52.4824 17
batch51.98 8.548 52.4769 15
batch26.143 12.054 52.4744 11
batch75.168 8.453 52.4709 15
batch172.200 8.539 52.4707 17
batch149.154 9.403 52.4704 14
batch1.82 11.231 52.4702 17
batch34.221 9.016 52.47 10
batch191.62 7.492 52.4699 15
batch3.270 8.357 52.4689 7
batch90.66 11.506 52.4688 15
batch147.120 9.225 52.468 17
batch113.192 11.237 52.4677 17
batch99.148 13.273 52.4676 16
batch67.161 8.893 52.4675 16
batch169.236 9.310 52.4667 15
batch41.247 9.667 52.4664 15
batch136.169 9.295 52.465 12
batch191.40 10.954 52.4645 17
batch43.89 9.511 52.4637 12
batch191.123 10.858 52.4626 16
batch187.233 9.040 52.4625 13
batch107.69 10.720 52.4622 16
batch196.278 9.662 52.4619 17
batch163.23 7.084 52.4619 16
batch134.135 7.992 52.4615 17
batch89.26 10.312 52.4568 17
batch157.245 8.828 52.4562 17
batch3.72 10.710 52.4557 12
batch104.16 8.867 52.4548 9
batch60.24 9.790 52.4546 11
batch118.208 11.106 52.4531 16
batch152.14 11.243 52.453 14
batch78.197 7.318 52.4518 17
batch23.122 9.509 52.4517 10
batch52.104 13.815 52.4514 16
batch23.82 12.067 52.4503 17
batch150.113 10.786 52.4496 17
batch11.114 8.110 52.4489 12
batch91.22 11.750 52.4484 16
batch89.245 9.606 52.4484 14
batch188.111 11.232 52.4477 17
batch31.250 12.956 52.4472 16
batch126.167 8.586 52.4467 12
batch169.277 8.224 52.4451 15
batch31.209 11.559 52.4447 16
batch53.53 8.564 52.4433 14
batch106.273 9.709 52.4403 17
batch38.260 9.324 52.4398 15
batch74.114 10.002 52.4382 16
batch95.177 10.984 52.4375 17
batch150.178 7.618 52.4363 16
batch10.203 8.650 52.4358 14
batch88.26 9.736 52.4326 17
batch161.48 10.215 52.4325 16
batch140.164 9.182 52.4322 16
batch25.185 11.814 52.4315 15
batch64.85 10.974 52.4305 12
batch3.222 8.579 52.4291 8
batch103.275 12.045 52.4283 13
batch154.145 13.119 52.4278 13
batch102.145 9.815 52.4278 15
batch57.198 7.814 52.4276 16
batch16.81 11.184 52.4276 13
batch120.124 10.039 52.4272 14
batch7.65 10.539 52.4246 16
batch23.180 7.901 52.4245 8
batch110.33 10.379 52.424 17
batch1.55 11.875 52.4223 16
batch66.248 9.405 52.4219 16
batch17.256 12.059 52.4202 14
batch123.212 9.514 52.4196 17
batch182.182 8.598 52.4195 16
batch116.140 9.192 52.4189 13
batch177.132 11.438 52.4159 16
batch105.40 10.640 52.4157 15
batch124.242 7.634 52.4155 13
batch157.219 9.750 52.4147 15
batch31.251 10.403 52.4138 15
batch150.107 10.865 52.4114 15
batch17.9 11.050 52.4111 17
batch139.165 9.593 52.4109 16
batch147.91 8.949 52.4106 16
batch167.164 9.452 52.4088 17
batch16.24 12.873 52.4078 17
batch65.249 7.910 52.4077 8
batch47.86 8.043 52.4057 15
batch134.213 8.533 52.4035 13
batch155.45 9.426 52.403 17
batch128.19 12.339 52.4027 17
batch161.226 10.238 52.4022 17
batch110.179 12.041 52.4014 17
batch165.257 9.741 52.4011 17
batch148.240 9.904 52.401 17
batch96.119 12.095 52.4004 13
batch164.58 9.868 52.398 17
batch118.60 10.807 52.3954 14
batch193.134 9.739 52.3933 13
batch113.221 7.338 52.3925 14
batch7.271 8.944 52.3924 11
batch10.194 12.308 52.3923 15
batch170.172 12.531 52.3908 17
batch34.119 11.255 52.3907 11
batch85.8 9.545 52.3906 11
batch43.156 13.628 52.3886 15
batch186.169 12.984 52.3883 16
batch82.222 9.187 52.3876 17
batch85.210 9.830 52.3858 17
batch195.74 10.949 52.3858 14
batch194.230 9.082 52.3858 13
batch91.130 9.503 52.3848 16
batch141.259 8.313 52.3847 14
batch27.96 9.041 52.384 15
batch28.65 9.568 52.3834 16
batch50.145 9.126 52.3832 16
batch29.256 10.226 52.3832 10
batch151.3 9.759 52.3828 17
batch74.261 8.390 52.3827 17
batch151.87 11.893 52.3825 14
batch177.225 10.479 52.382 15
batch75.257 10.314 52.3817 17
batch195.183 11.169 52.3809 17
batch91.158 10.587 52.3808 16
batch36.57 7.881 52.3807 16
batch132.24 11.041 52.3807 17
batch129.234 10.441 52.3806 17
batch75.73 9.084 52.3784 13
batch55.33 10.421 52.3768 11
batch50.82 6.846 52.3765 17
batch158.179 13.257 52.3744 16
batch57.148 9.159 52.3739 17
batch190.6 9.801 52.3704 17
batch71.170 12.332 52.3674 15
batch43.153 8.906 52.3664 16
batch180.41 9.821 52.3652 17
batch142.232 11.135 52.3639 15
batch151.51 9.419 52.3637 6
batch168.93 8.822 52.3629 15
batch144.34 10.222 52.3627 12
batch188.200 11.636 52.3603 17
batch93.106 8.824 52.3597 17
batch96.213 12.076 52.3592 13
batch73.143 11.721 52.3589 13
batch172.186 12.848 52.3581 14
batch162.97 8.916 52.3579 16
batch196.260 7.772 52.3575 16
batch2.245 10.402 52.3567 17
batch101.147 8.719 52.3565 14
batch157.265 10.059 52.3547 15
batch94.174 9.311 52.3534 15
batch61.107 8.610 52.3534 16
batch55.193 11.169 52.3528 17
batch168.204 9.763 52.3496 17
batch97.3 9.440 52.3492 17
batch106.220 6.992 52.3489 16
batch82.153 11.439 52.3484 14
batch32.233 9.712 52.3484 14
batch79.142 10.747 52.3472 12
batch124.259 12.222 52.3465 13
batch40.186 9.300 52.345 17
batch33.67 11.221 52.345 11
batch100.107 9.585 52.345 13
batch71.265 13.745 52.3448 14
batch99.265 8.465 52.3447 17
batch128.88 11.542 52.3447 17
batch33.281 10.913 52.344 17
batch69.280 8.463 52.3439 17
batch71.3 8.890 52.3437 12
batch109.95 9.403 52.3425 10
batch97.22 9.115 52.3424 14
batch33.128 7.886 52.3419 17
batch170.130 10.143 52.3415 12
batch136.128 10.134 52.3415 16
batch6.101 8.019 52.3413 14
batch123.233 10.035 52.3404 16
batch192.205 10.018 52.3385 17
batch2.248 8.365 52.3379 13
batch77.196 9.139 52.3374 17
batch23.258 7.815 52.3372 15
batch40.64 8.352 52.3371 16
batch111.161 12.196 52.3359 15
batch61.266 8.293 52.3356 14
batch177.32 7.095 52.3354 15
batch180.193 8.556 52.3343 17
batch84.184 7.408 52.3311 13
batch83.167 8.509 52.3311 13
batch18.8 11.655 52.329 16
batch30.67 13.498 52.3288 14
batch164.28 10.996 52.3283 15
batch150.117 11.869 52.3283 16
batch17.200 12.122 52.328 17
batch59.51 12.481 52.3278 16
batch173.115 11.541 52.3261 17
batch41.177 10.045 52.326 15
batch91.91 10.802 52.3254 16
batch147.218 7.780 52.3244 16
batch189.83 11.378 52.3235 16
batch4.85 12.292 52.323 16
batch159.274 13.944 52.3226 17
batch18.69 8.691 52.3205 17
batch2.157 9.374 52.3204 15
batch34.164 9.728 52.3202 13
batch14.104 10.991 52.3194 15
batch154.219 7.608 52.3193 17
batch57.179 9.161 52.3186 17
batch39.137 9.877 52.3181 15
batch44.11 8.574 52.3169 17
batch194.108 8.413 52.3162 16
batch151.101 9.299 52.315 17
batch88.73 8.387 52.3134 14
batch76.53 10.318 52.3127 16
batch63.82 8.316 52.3112 15
batch153.278 9.779 52.3096 12
batch17.134 9.310 52.3066 17
batch158.220 10.757 52.3056 16
batch18.217 8.927 52.3055 11
batch53.141 7.816 52.3049 15
batch112.253 9.440 52.3041 15
batch25.121 8.870 52.3035 17
batch186.138 9.527 52.3017 11
batch69.137 9.151 52.3011 11
batch185.219 7.110 52.2994 17
batch71.188 9.457 52.2961 6
batch197.272 9.009 52.2939 13
batch77.186 8.696 52.2925 12
batch75.242 12.001 52.2917 16
batch102.229 10.724 52.2906 17
batch8.239 10.291 52.2901 12
batch76.207 8.668 52.2892 15
batch22.210 10.221 52.2892 16
batch145.157 13.000 52.2892 16
batch138.135 9.354 52.288 14
batch56.264 10.350 52.2872 17
batch141.116 7.916 52.2861 17
batch70.216 7.790 52.2851 13
batch106.267 9.957 52.2823 13
batch113.249 10.246 52.2811 14
batch56.197 11.550 52.2803 14
batch159.174 7.294 52.2802 17
batch17.116 12.305 52.2797 17
batch132.269 8.834 52.2783 13
batch13.238 10.475 52.2777 13
batch64.45 9.293 52.2757 12
batch137.176 9.274 52.2757 15
batch156.54 8.977 52.2739 14
batch53.104 8.714 52.2737 14
batch178.191 8.738 52.2732 16
batch5.54 8.903 52.2728 10
batch31.202 12.803 52.27 17
batch146.18 10.464 52.2693 13
batch67.26 9.076 52.2677 16
batch66.121 9.444 52.2674 14
batch41.213 9.885 52.2652 17
batch121.5 10.322 52.2646 15
batch52.106 9.703 52.2636 11
batch99.93 7.334 52.2628 17
batch20.42 11.127 52.2625 16
batch189.15 9.686 52.2622 15
batch65.22 9.714 52.2611 10
batch14.272 10.014 52.2605 17
batch153.217 8.031 52.2601 15
batch123.255 10.907 52.2593 16
batch82.60 11.007 52.2585 6
batch100.25 8.074 52.2577 14
batch64.84 8.446 52.2559 16
batch32.258 8.048 52.2536 11
batch118.229 9.723 52.2534 16
batch57.267 12.018 52.2529 10
batch135.252 10.174 52.2523 17
batch47.214 10.151 52.2519 13
batch60.161 9.745 52.2517 17
batch181.106 7.903 52.251 16
batch86.206 9.115 52.2506 11
batch197.143 7.332 52.2495 17
batch40.28 8.396 52.2486 16
batch189.33 9.034 52.2486 14
batch12.180 8.541 52.2478 16
batch98.109 12.066 52.2474 16
batch85.70 8.466 52.247 16
batch20.192 8.376 52.2445 14
batch165.74 10.501 52.2442 17
batch38.119 12.297 52.2437 16
batch42.88 10.528 52.2433 15
batch40.157 8.060 52.2411 16
batch32.128 10.668 52.241 17
batch53.52 10.028 52.2397 14
batch18.52 9.888 52.2397 15
batch86.150 9.969 52.2387 15
batch42.60 8.424 52.2382 16
batch63.63 8.574 52.2369 15
batch68.62 11.046 52.2367 14
batch12.181 10.359 52.2355 16
batch146.249 11.566 52.2349 16
batch127.154 10.291 52.2349 7
batch166.222 10.024 52.2334 13
batch27.18 11.040 52.233 15
batch146.236 11.280 52.2316 17
batch18.25 8.728 52.2306 15
batch78.86 9.671 52.2298 15
batch140.214 10.017 52.2297 17
batch193.166 10.903 52.2295 17
batch141.89 13.208 52.2285 17
batch12.15 9.930 52.2284 15
batch94.250 12.225 52.2283 13
batch4.238 11.743 52.2283 16
batch4.175 10.074 52.2278 15
batch176.107 10.348 52.227 12
batch82.110 9.680 52.2267 15
batch84.60 12.137 52.2238 17
batch157.138 8.101 52.2236 12
batch183.146 8.507 52.223 10
batch159.117 10.646 52.2228 16
batch131.215 9.230 52.2221 14
batch21.20 10.329 52.2217 17
batch75.280 9.007 52.2214 7
batch94.260 12.231 52.221 17
batch6.224 8.882 52.221 17
batch98.196 9.410 52.2189 14
batch92.187 9.026 52.2189 17
batch196.195 8.910 52.2159 12
batch159.108 8.292 52.2159 12
batch100.53 10.430 52.2156 17
batch113.116 8.320 52.2154 17
batch195.199 12.069 52.2151 15
batch21.255 10.759 52.2149 15
batch195.271 9.391 52.214 15
batch2.259 9.041 52.2137 17
batch168.119 7.950 52.2137 17
batch38.183 11.054 52.2124 17
batch41.202 11.287 52.2119 15
batch183.241 8.726 52.2112 13
batch4.70 10.488 52.2108 9
batch84.226 10.780 52.2101 12
batch2.191 11.786 52.2088 16
batch191.17 7.954 52.2074 16
batch79.128 12.625 52.2068 14
batch197.206 13.510 52.2053 16
batch6.259 9.788 52.2052 17
batch75.103 9.901 52.2048 17
batch128.85 12.601 52.2046 17
batch68.254 8.527 52.2032 17
batch58.191 12.322 52.2026 17
batch161.46 12.478 52.2025 17
batch168.233 11.907 52.201 16
batch12.210 12.004 52.201 13
batch140.216 10.773 52.2009 17
batch117.52 7.676 52.2007 14
batch98.32 9.462 52.2005 17
batch195.238 10.309 52.2003 14
batch126.204 11.134 52.1994 15
batch110.184 10.375 52.1991 15
batch184.135 8.932 52.1976 15
batch54.216 10.509 52.1973 15
batch60.114 10.372 52.1942 13
batch112.105 10.616 52.1937 9
batch129.271 11.483 52.1932 16
batch73.66 10.036 52.1902 17
batch190.243 9.544 52.1902 15
batch67.176 8.073 52.1866 15
batch121.202 8.660 52.1862 12
batch75.282 9.102 52.1859 12
batch80.267 10.994 52.1846 16
batch194.256 10.390 52.1844 16
batch73.23 9.084 52.1837 12
batch56.277 10.062 52.1827 16
batch174.128 8.989 52.1809 16
batch56.134 9.853 52.1804 14
batch8.20 11.300 52.1801 9
batch49.6 8.721 52.1799 16
batch195.73 9.465 52.1794 15
batch43.274 9.324 52.1771 17
batch157.279 8.834 52.1767 16
batch13.150 8.749 52.1761 17
batch44.59 11.034 52.1756 14
batch124.43 7.657 52.173 16
batch42.154 13.048 52.1724 12
batch194.229 9.572 52.1722 14
batch159.12 11.491 52.172 17
batch64.270 11.415 52.1716 17
batch49.169 12.972 52.1715 16
batch118.93 12.334 52.1713 17
batch49.181 7.646 52.171 14
batch2.97 10.332 52.1703 16
batch122.100 8.849 52.1693 11
batch3.263 10.483 52.1689 16
batch119.32 8.734 52.1686 15
batch169.145 7.311 52.1684 14
batch91.96 12.026 52.1677 17
batch69.243 8.649 52.1663 17
batch176.79 8.795 52.166 15
batch31.27 12.132 52.1634 16
batch3.76 10.108 52.1628 14
batch61.275 8.884 52.1617 17
batch7.265 9.489 52.1587 14
batch168.12 11.477 52.1567 13
batch23.242 9.780 52.1557 14
batch187.117 10.293 52.1556 9
batch52.162 7.462 52.1553 6
batch188.268 13.206 52.1545 13
batch66.42 11.472 52.1537 16
batch197.120 10.338 52.1533 17
batch121.63 11.731 52.1526 13
batch197.42 8.651 52.1523 16
batch102.212 11.205 52.1523 9
batch188.65 12.765 52.15 15
batch81.87 8.759 52.1484 15
batch122.21 7.864 52.1481 17
batch198.203 8.888 52.1472 17
batch123.144 8.308 52.1454 16
batch160.131 10.594 52.145 17
batch118.277 10.965 52.1447 13
batch60.160 9.542 52.1437 15
batch89.216 9.884 52.1435 10
batch129.225 12.944 52.1435 17
batch73.130 8.437 52.1426 14
batch19.156 9.645 52.1396 14
batch78.23 12.016 52.1371 17
batch180.38 10.162 52.137 14
batch74.188 8.455 52.1368 15
batch49.193 9.780 52.1354 16
batch62.56 7.687 52.134 13
batch184.9 7.797 52.1333 15
batch127.258 8.784 52.1323 17
batch40.2 9.543 52.1298 17
batch58.179 8.696 52.1292 10
batch5.191 12.467 52.1263 16
batch194.13 11.074 52.1262 17
batch87.145 10.750 52.126 16
batch191.56 10.691 52.1258 13
batch4.280 10.182 52.125 17
batch170.70 10.830 52.1248 9
batch140.102 9.462 52.1246 16
batch118.158 12.552 52.124 16
batch22.186 11.611 52.1238 14
batch68.170 8.898 52.1203 16
batch52.101 8.354 52.1201 9
batch159.14 8.059 52.1184 16
batch181.125 10.101 52.1171 16
batch29.144 8.212 52.1166 17
batch25.193 8.844 52.1143 17
batch86.279 10.691 52.1138 15
batch50.116 8.502 52.1082 14
batch13.34 9.686 52.1069 17
batch55.38 11.166 52.1062 16
batch60.32 9.681 52.1054 10
batch31.60 12.533 52.1054 16
batch171.88 10.016 52.1025 13
batch42.226 9.536 52.1016 11
batch113.32 10.122 52.1004 16
batch121.156 7.382 52.0996 16
batch65.179 10.046 52.0983 17
batch177.43 9.670 52.0962 14
batch163.37 8.204 52.0954 13
batch11.40 10.374 52.0942 16
batch156.231 11.074 52.0927 15
batch58.178 9.829 52.091 8
batch42.98 10.022 52.0904 14
batch88.90 9.090 52.088 13
batch72.180 10.747 52.0879 12
batch26.79 10.497 52.0875 13
batch22.227 12.162 52.0874 16
batch74.100 8.284 52.0873 16
batch154.202 8.777 52.0861 13
batch130.136 8.770 52.0845 16
batch135.255 9.745 52.0842 13
batch177.22 7.846 52.0836 17
batch129.24 10.157 52.0822 17
batch158.233 10.591 52.0821 14
batch136.85 9.575 52.0819 16
batch122.214 8.696 52.0819 15
batch155.274 8.829 52.0816 17
batch187.52 7.565 52.0813 17
batch18.112 8.691 52.0808 16
batch88.206 9.111 52.0806 15
batch27.279 11.361 52.0802 13
batch187.74 11.726 52.0776 14
batch33.235 11.605 52.0775 17
batch179.172 8.598 52.0774 14
batch148.230 10.190 52.077 17
batch93.114 8.101 52.0735 13
batch6.257 10.042 52.0728 10
batch34.225 8.418 52.0728 17
batch20.114 11.078 52.0715 16
batch96.30 9.198 52.0714 17
batch56.212 9.319 52.0703 15
batch33.62 10.746 52.0693 15
batch192.259 9.326 52.0681 17
batch98.248 11.705 52.0643 17
batch58.14 12.062 52.0638 13
batch83.163 7.862 52.0636 15
batch59.270 10.213 52.0635 16
batch81.34 10.360 52.0627 12
batch77.194 10.007 52.0619 16
batch56.242 10.777 52.0591 17
batch44.134 11.345 52.0579 13
batch99.71 9.420 52.0558 16
batch40.271 10.295 52.0551 15
batch99.20 10.377 52.0545 16
batch174.90 9.147 52.0543 17
batch155.168 12.317 52.0541 16
batch41.126 10.309 52.0539 11
batch187.13 10.849 52.0532 14
batch26.169 10.829 52.0529 16
batch1.265 13.098 52.0513 17
batch175.218 9.136 52.0499 16
batch4.59 8.645 52.0487 13
batch130.226 9.110 52.0479 17
batch70.159 10.824 52.0472 15
batch68.83 9.665 52.0446 14
batch14.159 11.519 52.0435 17
batch96.140 9.033 52.0425 17
batch116.147 10.369 52.0396 15
batch91.65 10.431 52.0393 15
batch61.84 9.655 52.0387 9
batch85.158 11.361 52.0358 15
batch88.255 12.097 52.0343 14
batch39.31 13.296 52.0341 17
batch65.130 9.371 52.0338 15
batch114.213 9.008 52.0297 16
batch65.246 7.875 52.0291 14
batch26.204 8.405 52.0284 16
batch122.262 9.076 52.0281 17
batch52.170 9.450 52.0267 14
batch75.23 10.574 52.0251 17
batch151.178 12.710 52.0251 15
batch94.59 10.136 52.0224 15
batch84.193 11.293 52.0214 17
batch111.17 8.212 52.0203 13
batch5.255 13.115 52.0193 17
batch121.164 13.470 52.0185 17
batch102.144 8.815 52.0179 17
batch5.282 11.634 52.0165 15
batch48.116 10.464 52.0165 15
batch92.267 11.169 52.0155 15
batch160.262 9.998 52.0153 12
batch66.48 9.212 52.0152 14
batch154.130 8.856 52.0147 17
batch167.129 10.176 52.0133 11
batch80.93 9.093 52.0132 14
batch106.217 11.305 52.013 17
batch23.85 9.292 52.0115 14
batch155.194 8.793 52.0115 12
batch173.110 9.450 52.01 13
batch36.146 11.473 52.0093 14
batch75.154 8.287 52.0092 17
batch5.53 10.019 52.0092 13
batch8.203 11.961 52.0091 14
batch26.275 9.137 52.0084 16
batch39.275 11.639 52.0067 13
batch183.196 8.244 52.0067 17
batch30.82 10.105 52.0065 17
batch29.29 10.222 52.0055 15
batch44.242 10.602 52.0049 12
batch75.177 11.164 52.0041 15
batch18.139 12.418 52.0041 16
batch58.269 10.860 52.0034 16
batch191.264 9.626 52.0028 17
batch151.227 10.086 52.0025 14
batch189.75 10.612 52.0019 15
batch57.10 9.809 52.0017 16
batch22.147 12.083 52.0011 15
batch102.33 9.423 52.0008 15
batch62.191 8.943 51.9985 10
batch137.13 8.695 51.9978 15
batch109.216 10.411 51.9968 14
batch93.104 10.357 51.9966 17
batch145.69 9.657 51.9957 17
batch88.48 8.372 51.9954 15
batch193.176 9.105 51.9949 17
batch192.110 10.757 51.9947 14
batch116.196 7.990 51.9939 11
batch75.188 10.062 51.9926 15
batch3.160 9.392 51.9916 12
batch8.12 10.694 51.9912 10
batch142.202 10.917 51.9911 17
batch171.104 8.919 51.9907 11
batch69.270 9.369 51.99 12
batch90.43 9.004 51.9868 17
batch137.120 11.275 51.9863 16
batch194.33 9.830 51.9842 17
batch169.171 7.911 51.9808 16
batch176.197 9.889 51.9798 13
batch169.57 10.263 51.9797 16
batch139.49 11.606 51.9782 14
batch3.56 11.730 51.9781 12
batch165.45 10.862 51.9771 17
batch51.154 11.433 51.977 15
batch199.241 9.469 51.9751 11
batch25.188 10.042 51.9744 17
batch186.264 11.203 51.974 17
batch85.233 8.996 51.9722 16
batch7.142 7.979 51.9714 17
batch107.131 8.053 51.9699 17
batch169.203 10.153 51.9673 16
batch153.74 9.096 51.9661 15
batch95.174 9.334 51.9652 17
batch38.30 8.985 51.9638 15
batch96.222 9.182 51.9623 15
batch91.166 8.847 51.958 16
batch93.271 10.301 51.9578 17
batch43.170 8.925 51.9574 13
batch2.205 11.226 51.957 16
batch61.252 9.096 51.9566 15
batch170.259 9.054 51.9537 17
batch119.107 9.993 51.9502 16
batch81.106 10.719 51.9495 16
batch36.98 11.784 51.9487 13
batch120.67 11.400 51.9485 15
batch34.45 11.171 51.9459 13
batch130.50 11.049 51.9455 16
batch12.140 8.146 51.9454 17
batch38.232 9.088 51.9451 17
batch75.127 9.520 51.9449 16
batch16.196 10.412 51.9444 16
batch32.242 8.419 51.944 17
batch92.40 7.845 51.9433 14
batch194.102 10.359 51.9432 16
batch68.196 9.288 51.943 14
batch87.218 9.973 51.9427 16
batch89.151 8.761 51.9404 13
batch67.189 10.769 51.9401 17
batch87.148 10.965 51.9376 17
batch100.71 9.805 51.9362 17
batch18.84 12.974 51.9337 17
batch37.183 8.976 51.9325 17
batch106.167 11.146 51.9319 12
batch58.256 12.950 51.9303 17
batch76.22 11.349 51.9292 13
batch180.197 9.828 51.9283 16
batch139.23 9.983 51.9276 14
batch123.249 10.712 51.9272 10
batch181.20 9.905 51.9237 16
batch180.249 9.943 51.9227 17
batch162.56 9.458 51.922 15
batch17.276 9.721 51.9215 16
batch45.103 7.213 51.9212 8
batch158.198 9.247 51.9204 17
batch35.208 11.821 51.9198 17
batch143.78 6.935 51.9166 13
batch168.146 7.268 51.9158 17
batch106.180 8.909 51.915 17
batch5.13 11.908 51.9144 9
batch133.134 10.534 51.914 15
batch108.225 9.258 51.914 13
batch151.131 8.334 51.9138 17
batch109.190 10.846 51.9126 9
batch56.91 9.575 51.9105 13
batch162.5 10.730 51.9099 16
batch9.80 9.248 51.9091 16
batch136.216 11.643 51.9085 16
batch52.28 8.927 51.9083 6
batch173.100 12.049 51.9077 17
batch161.129 12.021 51.9066 14
batch40.37 8.620 51.9062 16
batch127.224 8.499 51.9029 14
batch80.129 8.548 51.9024 15
batch66.143 9.825 51.9024 17
batch29.57 11.305 51.9024 12
batch75.186 10.911 51.902 13
batch188.131 9.299 51.9012 17
batch143.55 8.637 51.9012 14
batch190.60 8.217 51.8981 17
batch4.40 11.869 51.897 14
batch49.263 11.067 51.8968 16
batch83.105 9.267 51.8951 11
batch82.134 9.007 51.8935 13
batch81.199 10.989 51.8907 17
batch119.258 12.117 51.8903 15
batch148.92 10.188 51.8875 13
batch2.261 10.522 51.8871 16
batch70.24 13.727 51.8864 13
batch195.70 10.325 51.8864 14
batch90.118 10.237 51.8862 17
batch123.64 8.619 51.886 15
batch84.70 11.299 51.8838 17
batch161.261 12.632 51.8838 16
batch46.176 8.872 51.883 17
batch91.170 12.868 51.8826 14
batch148.101 9.429 51.8826 17
batch27.253 7.048 51.8814 13
batch22.201 9.990 51.8809 17
batch83.117 7.684 51.8776 15
batch32.95 9.168 51.8772 12
batch72.41 7.568 51.8766 12
batch20.144 8.853 51.8743 17
batch179.137 9.490 51.8731 15
batch125.164 9.391 51.8729 13
batch197.122 9.855 51.872 16
batch31.43 10.951 51.8716 15
batch75.30 8.702 51.8679 13
batch27.195 11.980 51.8679 14
batch76.235 8.264 51.8672 15
batch54.133 12.249 51.8661 15
batch182.18 12.761 51.8659 12
batch54.104 10.384 51.8631 17
batch43.54 9.795 51.8624 16
batch155.112 12.191 51.8623 14
batch103.132 9.953 51.8622 17
batch125.194 12.488 51.8617 14
batch167.32 9.075 51.8601 14
batch22.239 9.407 51.86 15
batch191.82 11.577 51.8572 16
batch25.16 11.231 51.8567 17
batch130.162 11.042 51.8567 15
batch164.219 7.061 51.8561 16
batch156.271 11.349 51.8535 16
batch32.109 10.559 51.8533 10
batch67.1 12.258 51.8531 17
batch41.147 7.769 51.8525 15
batch125.152 9.288 51.8523 17
batch11.133 9.358 51.8486 14
batch108.119 10.903 51.8476 16
batch167.34 6.972 51.8467 16
batch198.260 10.783 51.8457 15
batch195.123 10.446 51.8457 17
batch5.12 9.486 51.8454 15
batch88.175 9.079 51.8442 11
batch75.274 12.258 51.8422 12
batch197.166 10.099 51.8422 11
batch134.189 9.313 51.8413 17
batch38.214 11.338 51.8411 16
batch179.25 10.377 51.8405 15
batch37.133 9.499 51.8396 16
batch102.273 11.057 51.8394 12
batch127.260 11.433 51.8381 13
batch24.282 10.527 51.8355 13
batch52.182 11.457 51.8354 13
batch11.131 11.169 51.8338 11
batch192.129 9.447 51.8324 14
batch151.172 12.254 51.831 13
batch84.31 11.343 51.8303 15
batch70.60 11.175 51.8291 13
batch131.194 8.607 51.8284 17
batch115.109 10.452 51.8269 17
batch198.173 12.804 51.8268 16
batch6.160 11.059 51.8244 16
batch11.75 9.358 51.8243 8
batch103.67 9.347 51.8228 16
batch69.45 8.298 51.8217 16
batch37.277 11.243 51.8213 15
batch121.216 8.383 51.8196 13
batch3.138 9.805 51.8191 16
batch107.25 8.714 51.8191 15
batch77.38 12.098 51.8179 17
batch107.230 10.180 51.8178 16
batch188.149 9.673 51.8168 11
batch44.206 9.551 51.8167 16
batch158.90 10.518 51.8159 17
batch15.264 11.613 51.8155 17
batch29.104 9.665 51.8152 17
batch188.137 7.678 51.8134 13
batch89.62 11.175 51.813 16
batch132.150 11.476 51.8125 17
batch63.110 10.481 51.8119 17
batch149.234 10.688 51.8115 12
batch79.268 11.300 51.8113 15
batch190.202 10.741 51.811 13
batch21.136 8.809 51.8105 16
batch107.109 11.981 51.8105 9
batch178.269 11.223 51.8086 16
batch161.148 11.464 51.8071 16
batch91.9 9.002 51.8065 17
batch100.195 11.185 51.8062 16
batch70.141 8.747 51.8044 17
batch68.101 10.414 51.8038 17
batch117.175 9.657 51.802 10
batch19.276 10.447 51.8002 15
batch110.42 11.206 51.7975 12
batch68.80 7.789 51.7972 15
batch88.209 9.778 51.7967 11
batch110.126 10.161 51.7959 17
batch196.43 9.100 51.7953 13
batch133.225 10.400 51.7947 14
batch84.112 9.157 51.7938 13
batch21.29 8.794 51.7932 17
batch146.190 9.964 51.7916 17
batch199.194 8.872 51.7911 12
batch2.111 13.279 51.7894 16
batch194.247 10.203 51.7869 15
batch8.177 8.629 51.7854 17
batch174.192 10.625 51.7845 16
batch191.224 12.224 51.7837 17
batch185.208 7.897 51.7828 16
batch22.183 6.858 51.7825 16
batch23.115 11.036 51.7815 13
batch10.113 9.702 51.7809 17
batch44.4 10.840 51.7804 13
batch161.11 10.021 51.7802 13
batch11.110 8.451 51.7789 17
batch11.87 9.842 51.7787 14
batch49.27 8.229 51.7777 15
batch30.135 8.527 51.7752 14
batch105.204 11.380 51.7752 16
batch54.251 9.672 51.7743 15
batch39.224 11.942 51.7739 14
batch72.9 11.515 51.7726 15
batch104.254 12.030 51.7725 17
batch140.157 9.033 51.7721 12
batch87.276 11.027 51.772 17
batch87.186 13.643 51.7718 17
batch9.190 9.644 51.7715 17
batch162.25 10.730 51.7709 15
batch113.147 9.919 51.7704 13
batch3.64 10.754 51.7699 16
batch45.104 9.517 51.7666 16
batch183.268 10.271 51.766 17
batch176.155 10.684 51.7659 17
batch101.46 8.694 51.7658 17
batch17.157 8.613 51.7651 11
batch157.118 11.497 51.7647 12
batch103.7 9.761 51.7641 17
batch63.127 9.617 51.7639 13
batch134.21 11.445 51.762 17
batch43.40 8.679 51.7615 9
batch59.207 8.622 51.761 16
batch179.144 11.630 51.7609 13
batch192.167 10.410 51.7605 16
batch137.208 9.653 51.7602 17
batch33.144 9.369 51.7601 14
batch7.136 9.353 51.7539 16
batch2.22 10.444 51.7531 13
batch31.190 8.350 51.7528 15
batch33.149 12.117 51.7514 12
batch1.87 12.064 51.7497 9
batch115.176 10.825 51.7447 15
batch56.254 8.170 51.7434 17
batch50.18 12.016 51.7421 17
batch8.282 11.047 51.742 13
batch121.241 10.806 51.7416 15
batch16.144 13.159 51.7413 17
batch36.131 12.649 51.7412 14
batch182.122 9.985 51.7408 17
batch8.216 11.603 51.7401 10
batch100.257 9.117 51.7398 17
batch127.151 9.154 51.739 16
batch155.128 9.656 51.7384 17
batch86.249 11.288 51.738 15
batch13.37 11.201 51.738 12
batch73.100 9.152 51.7379 14
batch121.201 11.974 51.7378 11
batch72.84 11.189 51.737 14
batch27.149 12.558 51.7364 11
batch146.39 10.834 51.7363 17
batch130.132 11.271 51.7346 15
batch144.137 11.775 51.7343 16
batch1.186 8.462 51.7335 13
batch108.139 8.744 51.7333 17
batch15.219 10.518 51.7331 17
batch20.95 10.136 51.7289 14
batch175.37 7.514 51.7279 17
batch38.250 10.689 51.7273 17
batch176.176 9.663 51.7268 12
batch132.210 12.883 51.726 17
batch183.192 12.273 51.7256 16
batch86.64 10.159 51.7248 16
batch15.276 10.924 51.723 14
batch42.210 12.792 51.7218 17
batch6.149 13.012 51.7213 17
batch96.228 10.505 51.7208 16
batch50.271 10.121 51.719 16
batch49.225 11.160 51.7164 15
batch155.67 12.258 51.7162 14
batch25.61 13.590 51.716 17
batch134.274 13.501 51.7153 14
batch62.51 12.024 51.7145 16
batch169.118 10.793 51.7112 13
batch23.174 10.701 51.7111 17
batch81.66 9.361 51.7106 17
batch27.243 9.695 51.7101 12
batch46.104 12.003 51.7083 17
batch95.132 11.396 51.7071 15
batch2.142 9.450 51.7031 16
batch134.10 10.992 51.7019 16
batch184.7 11.196 51.6997 11
batch85.65 9.232 51.6986 16
batch22.215 11.245 51.6979 14
batch130.138 10.490 51.6973 14
batch29.93 11.397 51.6969 14
batch114.171 11.339 51.6946 16
batch152.110 11.302 51.6942 12
batch27.236 9.756 51.6939 13
batch189.167 6.825 51.6936 13
batch191.118 8.568 51.6934 17
batch177.137 11.235 51.6925 17
batch171.229 13.061 51.6924 15
batch57.140 10.359 51.6923 15
batch156.135 12.773 51.6917 17
batch181.260 8.866 51.6899 14
batch161.251 9.386 51.688 12
batch114.227 11.689 51.6878 14
batch176.87 8.801 51.6855 13
batch189.186 10.828 51.6834 17
batch64.19 9.336 51.683 10
batch13.53 8.030 51.6828 16
batch195.127 12.816 51.6806 17
batch178.113 9.507 51.6803 17
batch42.218 7.143 51.6802 16
batch128.172 10.315 51.6787 8
batch97.269 9.710 51.6754 15
batch73.134 10.002 51.6751 16
batch79.8 12.018 51.6749 17
batch101.81 11.465 51.6739 17
batch125.122 9.715 51.6711 11
batch180.264 8.804 51.6696 14
batch88.45 11.247 51.6688 14
batch174.147 10.165 51.6681 10
batch197.212 9.085 51.6677 17
batch114.230 9.646 51.6662 16
batch150.277 9.366 51.6647 17
batch162.245 9.806 51.6639 15
batch92.170 12.033 51.6626 17
batch36.240 12.521 51.6623 10
batch191.171 9.877 51.6614 16
batch50.164 12.980 51.6603 13
batch41.180 8.732 51.6587 17
batch43.131 10.763 51.6579 17
batch161.127 10.747 51.656 12
batch9.24 11.898 51.6554 15
batch176.117 10.995 51.6536 16
batch10.30 10.568 51.6512 16
batch52.227 9.953 51.6511 13
batch29.167 7.318 51.6503 17
batch193.215 8.881 51.6499 11
batch199.81 8.290 51.6481 16
batch46.201 8.250 51.6458 16
batch124.239 9.286 51.645 17
batch182.226 10.764 51.6434 15
batch114.237 11.747 51.6431 17
batch134.19 8.706 51.6422 15
batch17.40 9.952 51.6408 11
batch156.189 9.763 51.6407 17
batch156.248 9.930 51.6399 13
batch80.254 10.870 51.6391 16
batch41.169 9.071 51.6372 11
batch99.208 11.912 51.6369 16
batch174.11 9.380 51.6349 15
batch144.164 9.123 51.6336 17
batch83.184 10.031 51.6318 14
batch193.73 10.104 51.6315 17
batch70.237 9.255 51.6312 11
batch151.69 11.414 51.631 10
batch191.187 8.737 51.6305 16
batch45.51 8.150 51.6298 17
batch113.158 8.402 51.6298 17
batch144.179 9.108 51.6281 17
batch46.267 9.385 51.6258 16
batch50.157 11.432 51.6243 15
batch123.103 9.638 51.6242 13
batch181.278 8.993 51.6232 16
batch119.27 9.460 51.623 15
batch109.145 11.516 51.6219 15
batch178.51 10.462 51.6208 16
batch118.279 10.281 51.6192 17
batch57.265 11.162 51.6185 15
batch36.76 11.320 51.6176 17
batch153.162 10.868 51.6163 12
batch51.21 9.929 51.6146 17
batch53.271 9.056 51.6129 16
batch169.122 10.610 51.6103 11
batch130.235 10.740 51.6062 15
batch88.187 10.938 51.6051 16
batch53.264 10.255 51.6021 17
batch189.176 10.598 51.6011 14
batch71.183 9.507 51.6 14
batch67.241 8.154 51.6 12
batch95.172 10.448 51.5992 7
batch179.141 9.717 51.599 17
batch187.193 7.968 51.597 17
batch41.182 8.416 51.5962 17
batch130.169 10.138 51.5936 13
batch26.74 10.638 51.5927 16
batch158.119 11.635 51.5913 15
batch159.269 7.966 51.5895 13
batch123.193 10.096 51.5891 17
batch117.55 9.751 51.5886 13
batch178.245 11.727 51.588 16
batch34.23 9.255 51.5876 17
batch18.253 8.612 51.5875 12
batch67.98 9.564 51.5845 11
batch32.200 10.652 51.5845 16
batch172.31 10.200 51.5844 14
batch53.191 10.710 51.5841 16
batch143.213 8.329 51.5827 17
batch18.115 10.207 51.5818 17
batch112.276 12.224 51.5809 16
batch104.140 9.180 51.5802 10
batch54.192 10.594 51.5801 17
batch187.143 9.442 51.5799 17
batch170.221 10.983 51.5795 14
batch28.138 10.315 51.5794 15
batch161.51 12.297 51.5775 17
batch47.34 9.400 51.5762 17
batch58.160 11.129 51.5749 15
batch175.244 11.188 51.5739 17
batch190.27 8.656 51.5735 16
batch137.268 11.409 51.5735 15
batch133.214 10.086 51.5711 11
batch52.61 11.095 51.5703 14
batch66.80 11.800 51.5692 17
batch130.152 11.983 51.5663 16
batch22.39 8.870 51.566 15
batch113.16 12.862 51.5656 14
batch71.231 8.718 51.5652 16
batch78.68 10.705 51.5649 15
batch44.84 8.015 51.5636 15
batch26.206 10.671 51.5632 16
batch25.179 9.794 51.5616 12
batch10.81 9.223 51.5613 15
batch88.16 8.104 51.5609 15
batch197.73 10.741 51.5602 8
batch60.45 11.328 51.5568 15
batch8.79 8.998 51.5547 16
batch99.152 9.541 51.5542 12
batch84.40 11.562 51.5489 16
batch174.157 8.224 51.5484 17
batch144.105 10.901 51.5471 17
batch61.180 10.008 51.5468 13
batch99.167 10.762 51.5459 16
batch47.17 12.220 51.5441 14
batch11.49 11.147 51.544 12
batch42.236 10.097 51.5433 15
batch76.219 11.668 51.5428 16
batch26.233 9.069 51.5424 17
batch113.185 9.761 51.5418 16
batch111.246 12.719 51.5415 16
batch72.55 11.835 51.541 16
batch89.258 9.206 51.5394 10
batch75.25 11.156 51.5391 17
batch117.68 8.812 51.5385 17
batch105.15 10.615 51.537 14
batch33.138 9.940 51.5366 17
batch33.279 10.726 51.5351 14
batch148.14 9.888 51.5336 15
batch180.85 11.745 51.5323 14
batch40.164 9.482 51.5322 14
batch94.236 9.535 51.5304 16
batch80.215 11.434 51.5303 16
batch59.80 8.832 51.5303 17
batch180.156 8.715 51.5281 17
batch70.242 11.197 51.5231 17
batch50.219 9.798 51.5217 17
batch155.228 10.757 51.521 17
batch189.204 11.010 51.52 17
batch150.252 8.166 51.5175 13
batch124.9 9.257 51.5155 14
batch152.96 10.411 51.5153 17
batch16.220 11.146 51.5151 15
batch42.225 10.350 51.5138 17
batch61.102 8.570 51.5132 16
batch57.9 10.418 51.5129 11
batch118.175 12.155 51.512 17
batch195.99 12.745 51.5106 17
batch152.167 10.911 51.5097 13
batch189.74 9.472 51.5072 16
batch58.261 10.569 51.5051 17
batch15.144 10.706 51.505 14
batch160.259 10.978 51.5048 16
batch155.236 10.796 51.5028 12
batch176.162 9.511 51.5021 17
batch20.273 10.318 51.5016 14
batch130.83 10.901 51.501 15
batch152.272 10.249 51.4993 16
batch71.94 11.494 51.4988 16
batch26.72 10.238 51.4973 16
batch43.243 11.243 51.4969 10
batch2.152 12.589 51.4953 13
batch164.190 10.228 51.4935 15
batch147.86 10.815 51.4933 17
batch71.78 10.007 51.4926 17
batch90.169 10.000 51.4925 13
batch64.229 11.214 51.4896 11
batch190.179 8.795 51.4864 14
batch4.231 9.604 51.4842 16
batch148.233 10.106 51.4828 14
batch179.212 8.078 51.4816 17
batch56.152 12.436 51.4805 8
batch172.71 11.553 51.4802 17
batch81.156 11.854 51.4775 15
batch16.119 11.822 51.4771 14
batch107.203 9.693 51.4767 17
batch92.234 9.103 51.476 13
batch24.176 10.722 51.4759 15
batch163.185 9.888 51.4751 17
batch5.43 9.946 51.4746 13
batch2.113 8.480 51.4746 17
batch190.238 11.876 51.4743 14
batch142.84 10.315 51.474 17
batch196.212 10.185 51.4701 12
batch90.177 10.008 51.4697 12
batch180.133 10.035 51.4694 14
batch32.251 8.902 51.469 17
batch67.281 9.901 51.4643 16
batch70.200 10.720 51.4638 15
batch47.84 11.299 51.4629 13
batch85.230 11.623 51.4618 15
batch147.46 8.377 51.4618 16
batch93.233 11.069 51.4613 17
batch80.88 11.719 51.4613 15
batch180.141 12.011 51.4604 15
batch164.120 11.251 51.4535 17
batch23.251 11.763 51.4523 17
batch96.254 11.543 51.451 16
batch190.263 12.461 51.4509 17
batch80.38 9.822 51.4486 17
batch195.93 9.908 51.448 16
batch37.273 11.116 51.4465 16
batch87.130 11.443 51.4446 14
batch64.244 7.506 51.4446 16
batch70.233 8.564 51.4437 10
batch12.14 10.079 51.4426 15
batch85.232 13.619 51.4414 17
batch194.132 9.394 51.4405 15
batch22.8 10.052 51.4391 15
batch83.199 11.535 51.4386 15
batch122.241 7.395 51.4384 14
batch130.265 11.356 51.4376 17
batch35.133 9.347 51.4363 16
batch79.34 10.419 51.4358 16
batch163.197 9.669 51.4346 16
batch47.88 12.870 51.4334 17
batch111.178 8.554 51.4331 16
batch188.256 10.804 51.4319 15
batch143.145 11.779 51.4307 12
batch183.159 10.398 51.4306 14
batch81.210 12.373 51.429 17
batch122.108 9.396 51.4272 16
batch10.216 10.792 51.4269 17
batch55.267 10.402 51.4261 15
batch83.278 11.760 51.4255 13
batch3.77 10.259 51.425 15
batch199.187 10.270 51.4249 8
batch145.200 11.554 51.424 15
batch59.152 12.034 51.4236 16
batch133.235 9.575 51.4198 14
batch135.185 9.640 51.4192 16
batch12.73 12.443 51.4175 13
batch188.21 9.872 51.4165 14
batch89.143 9.224 51.4157 13
batch4.209 9.460 51.4155 14
batch172.208 10.744 51.4142 5
batch184.44 9.008 51.414 16
batch59.173 10.646 51.4135 15
batch124.164 10.158 51.4132 17
batch131.101 10.797 51.4127 8
batch54.36 10.850 51.4105 17
batch196.194 9.912 51.4064 17
batch58.278 10.123 51.4063 13
batch167.149 9.834 51.4047 14
batch47.171 6.961 51.404 15
batch44.114 12.554 51.4038 16
batch65.278 8.564 51.4037 17
batch48.99 11.503 51.4028 17
batch1.50 11.094 51.4022 16
batch122.208 7.271 51.4012 11
batch48.176 9.197 51.3953 16
batch190.218 8.648 51.3949 16
batch35.204 10.738 51.3947 15
batch49.21 12.116 51.394 16
batch187.163 11.147 51.3871 13
batch192.113 10.010 51.3862 15
batch45.56 11.358 51.3762 17
batch89.28 8.676 51.3757 17
batch56.223 12.199 51.3749 15
batch49.90 8.338 51.3736 14
batch24.30 10.412 51.3724 12
batch196.266 9.167 51.3718 14
batch57.5 12.772 51.3714 16
batch124.251 10.333 51.3691 16
batch162.216 8.475 51.3666 13
batch147.3 10.494 51.3647 17
batch47.208 7.142 51.364 15
batch55.229 8.721 51.3638 13
batch102.232 9.740 51.3624 16
batch46.88 8.591 51.3621 16
batch109.21 8.125 51.3609 17
batch27.275 10.187 51.3608 17
batch97.170 9.978 51.3587 14
batch123.214 12.229 51.3583 17
batch170.208 7.657 51.3578 10
batch32.150 11.736 51.3565 16
batch112.280 11.223 51.3565 15
batch71.158 9.955 51.356 16
batch97.243 9.580 51.3516 17
batch84.251 13.444 51.3501 17
batch43.275 11.444 51.3493 17
batch16.135 12.434 51.3484 15
batch131.91 8.537 51.3435 17
batch128.21 11.178 51.3417 17
batch13.191 10.842 51.3407 13
batch180.266 11.732 51.3404 16
batch127.233 9.784 51.3392 16
batch41.76 7.812 51.3335 17
batch150.237 12.386 51.3316 16
batch96.225 11.082 51.3283 15
batch78.148 10.943 51.3259 14
batch59.166 10.317 51.3259 15
batch49.204 9.954 51.325 12
batch124.53 9.192 51.3247 17
batch68.126 9.973 51.323 17
batch144.23 10.745 51.3124 17
batch62.112 8.257 51.3098 15
batch124.278 12.083 51.3096 15
batch15.278 12.378 51.3072 17
batch44.264 10.849 51.3038 13
batch56.98 12.670 51.3023 15
batch7.84 11.780 51.3015 11
batch193.23 11.903 51.3011 17
batch128.186 11.648 51.3009 17
batch24.114 10.386 51.2985 14
batch127.196 9.456 51.2984 15
batch57.47 11.802 51.2975 17
batch185.32 10.545 51.2955 15
batch37.202 9.225 51.2943 12
batch58.196 10.874 51.2907 15
batch142.209 9.893 51.2898 13
batch7.245 10.119 51.2887 15
batch163.103 12.908 51.2876 12
batch62.273 9.214 51.2863 13
batch23.48 11.179 51.2839 13
batch124.62 10.148 51.2835 17
batch6.137 11.050 51.2821 17
batch92.233 11.490 51.276 16
batch43.36 11.436 51.276 13
batch28.178 12.040 51.276 17
batch76.209 8.686 51.2749 14
batch142.86 11.370 51.2743 14
batch95.211 11.433 51.2735 10
batch40.258 10.673 51.2719 15
batch68.153 8.797 51.2679 17
batch45.40 9.655 51.2667 13
batch151.23 10.497 51.2662 14
batch54.136 10.195 51.2654 8
batch145.208 11.352 51.2651 12
batch62.96 10.384 51.261 13
batch165.105 11.901 51.2598 17
batch50.86 8.987 51.2584 15
batch122.245 10.734 51.2581 17
batch23.62 13.381 51.2551 16
batch21.240 11.047 51.255 13
batch166.164 10.965 51.2538 15
batch108.171 11.500 51.2537 12
batch43.178 12.115 51.2533 17
batch31.219 10.476 51.2513 17
batch97.17 9.870 51.2456 14
batch74.181 10.498 51.2454 17
batch32.32 11.271 51.2441 13
batch74.122 9.532 51.2437 14
batch165.120 10.371 51.2428 16
batch37.227 10.504 51.2425 16
batch9.27 7.864 51.2421 16
batch149.179 11.039 51.2403 14
batch61.242 8.583 51.2344 13
batch13.181 11.911 51.2343 14
batch119.194 9.978 51.2338 10
batch73.88 10.236 51.2321 12
batch69.37 9.046 51.2318 16
batch73.42 10.808 51.2317 17
batch66.117 10.071 51.2313 13
batch188.245 9.568 51.231 10
batch163.264 7.557 51.2305 17
batch96.250 10.605 51.2294 14
batch90.170 11.624 51.2257 17
batch19.164 10.565 51.2255 14
batch110.166 11.673 51.2251 17
batch185.207 11.265 51.2241 15
batch25.83 11.512 51.2238 17
batch183.41 9.198 51.2205 16
batch85.20 9.923 51.2203 17
batch31.11 11.745 51.2189 16
batch104.246 10.138 51.2185 17
batch107.220 10.466 51.2153 17
batch81.147 10.129 51.2139 14
batch190.98 9.823 51.2131 16
batch37.187 12.643 51.2124 17
batch68.282 10.590 51.212 15
batch148.114 9.892 51.2108 15
batch93.57 11.499 51.2098 17
batch136.195 12.120 51.209 15
batch95.44 10.354 51.2027 14
batch184.84 10.239 51.2006 15
batch159.128 9.083 51.2006 16
batch142.238 10.126 51.2006 17
batch121.193 10.752 51.2006 14
batch47.195 9.718 51.2005 17
batch66.149 7.737 51.1975 17
batch90.237 9.327 51.1969 15
batch47.37 11.528 51.1969 16
batch169.49 9.615 51.1956 16
batch107.206 7.051 51.1952 17
batch128.141 10.544 51.1947 17
batch176.84 9.167 51.188 13
batch156.59 9.781 51.1879 15
batch106.233 11.069 51.1878 9
batch64.252 10.558 51.1857 12
batch35.81 13.011 51.1847 13
batch173.203 10.412 51.1824 15
batch148.89 10.620 51.1803 15
batch153.147 7.622 51.1795 13
batch36.188 8.734 51.1787 16
batch35.30 10.293 51.1776 17
batch102.269 11.403 51.177 14
batch189.76 12.743 51.1755 17
batch1.17 13.017 51.1741 12
batch159.193 9.281 51.1728 16
batch65.122 9.702 51.1712 17
batch57.203 8.991 51.1692 17
batch141.10 11.439 51.1682 13
batch10.134 8.777 51.1663 17
batch47.184 7.151 51.1645 16
batch54.138 13.364 51.1642 15
batch96.66 8.710 51.1641 17
batch4.165 9.908 51.1584 12
batch20.239 11.405 51.1533 14
batch124.265 8.840 51.1497 16
batch78.16 10.453 51.1454 16
batch47.253 11.942 51.1454 15
batch40.131 8.045 51.1442 17
batch56.157 6.959 51.143 17
batch13.163 12.231 51.1422 14
batch47.178 9.203 51.1417 14
batch26.172 9.729 51.1402 16
batch110.3 9.847 51.1354 12
batch24.116 11.148 51.1324 16
batch95.98 8.339 51.1254 15
batch159.119 9.756 51.1244 15
batch51.274 11.308 51.123 16
batch146.60 8.809 51.1227 17
batch42.86 12.108 51.1213 17
batch97.152 11.007 51.121 16
batch110.13 10.758 51.1202 16
batch153.220 11.334 51.1197 15
batch9.49 10.354 51.1191 11
batch84.19 12.018 51.1164 16
batch137.32 9.068 51.1114 17
batch195.40 9.352 51.111 17
batch39.34 10.936 51.1103 13
batch150.179 9.641 51.1099 15
batch12.258 12.212 51.1097 16
batch115.173 9.982 51.1079 17
batch6.278 13.171 51.1075 15
batch193.45 7.321 51.1057 14
batch100.61 10.400 51.1047 15
batch64.136 6.955 51.1031 16
batch167.244 13.298 51.0981 14
batch2.40 8.030 51.0975 16
batch68.85 9.629 51.0961 13
batch168.200 11.015 51.0931 17
batch19.205 9.594 51.089 16
batch78.211 10.749 51.0885 17
batch157.270 11.493 51.0862 15
batch154.90 11.195 51.0824 14
batch161.117 12.278 51.0804 14
batch3.141 9.277 51.0797 10
batch184.278 9.971 51.0746 14
batch177.267 10.355 51.0742 17
batch107.197 12.761 51.074 16
batch181.164 9.709 51.0736 14
batch132.146 10.847 51.0722 14
batch121.272 12.376 51.0652 17
batch84.274 10.962 51.0648 17
batch67.89 9.291 51.0648 14
batch188.110 8.667 51.0634 9
batch20.47 10.678 51.06 13
batch157.152 10.020 51.0593 17
batch63.221 9.292 51.0592 14
batch93.179 11.484 51.0572 15
batch43.70 9.476 51.057 10
batch16.229 11.927 51.0569 17
batch37.180 7.198 51.0514 17
batch190.194 12.406 51.0453 17
batch53.278 7.948 51.0438 15
batch68.145 10.976 51.0431 16
batch39.192 11.127 51.0422 15
batch31.154 9.548 51.0418 15
batch82.212 6.834 51.0414 15
batch48.83 11.351 51.0378 15
batch113.10 10.230 51.0376 16
batch93.130 12.344 51.0369 15
batch194.168 13.794 51.0338 17
batch150.224 10.580 51.0325 16
batch122.13 6.964 51.0308 10
batch154.113 9.415 51.0302 11
batch106.221 9.108 51.0288 9
batch69.234 10.990 51.0279 15
batch189.202 11.084 51.0204 16
batch158.52 7.721 51.019 17
batch77.2 8.530 51.0166 15
batch176.1 9.895 51.0097 17
batch116.100 9.428 51.0086 12
batch104.216 13.021 51.0075 14
batch18.220 9.628 51.0065 16
batch83.214 10.565 50.9986 17
batch157.218 9.054 50.998 17
batch21.38 9.097 50.9954 16
batch87.265 8.926 50.9937 14
batch66.183 7.949 50.9916 13
batch15.246 10.665 50.9915 10
batch189.51 10.253 50.9864 16
batch22.254 11.782 50.9831 11
batch52.73 11.328 50.9786 17
batch150.136 12.017 50.9761 13
batch194.215 8.731 50.9722 17
batch185.129 10.829 50.9713 15
batch187.275 7.982 50.97 13
batch6.76 11.882 50.9681 16
batch171.73 8.567 50.9649 17
batch85.261 10.102 50.9632 16
batch78.198 11.993 50.9617 15
batch35.148 9.061 50.9604 17
batch187.222 10.076 50.9596 15
batch68.223 8.702 50.9594 14
batch129.221 9.417 50.9589 17
batch111.191 12.009 50.9559 14
batch24.102 11.647 50.9507 15
batch36.192 11.049 50.9476 15
batch148.253 12.878 50.9466 15
batch194.65 10.477 50.945 11
batch4.25 7.279 50.9421 16
batch136.57 12.696 50.9378 12
batch123.60 9.981 50.9348 17
batch51.233 11.063 50.934 17
batch53.145 11.596 50.9313 12
batch25.165 10.620 50.9293 17
batch35.51 11.981 50.9291 15
batch96.7 11.901 50.9283 14
batch165.33 11.114 50.9269 17
batch51.150 11.955 50.9255 17
batch173.109 8.036 50.9233 17
batch139.57 11.669 50.9233 17
batch88.14 10.812 50.9108 17
batch48.129 13.138 50.9102 17
batch105.7 10.282 50.906 17
batch80.141 11.133 50.9056 14
batch47.122 10.229 50.9048 14
batch62.1 9.946 50.9036 12
batch116.84 9.973 50.9036 17
batch83.86 8.141 50.9008 14
batch193.157 9.697 50.9003 17
batch187.162 12.168 50.8982 16
batch89.189 10.819 50.8977 17
batch26.179 10.130 50.8965 16
batch164.79 11.475 50.8893 14
batch45.18 11.177 50.8873 17
batch74.99 11.312 50.8862 14
batch189.252 10.620 50.8824 12
batch10.209 10.097 50.8821 16
batch132.194 8.326 50.8815 17
batch92.278 12.263 50.8805 17
batch190.118 10.093 50.88 17
batch112.277 11.298 50.8798 13
batch84.30 10.556 50.8795 13
batch43.249 9.699 50.875 17
batch167.222 10.075 50.8737 17
batch62.125 11.119 50.8735 17
batch168.147 11.054 50.8724 13
batch12.167 11.173 50.871 12
batch32.163 8.768 50.8663 15
batch2.31 13.358 50.8642 15
batch85.259 9.603 50.8617 14
batch32.215 10.321 50.8615 9
batch167.107 10.071 50.8576 17
batch61.268 9.873 50.8572 14
batch191.142 11.114 50.8572 17
batch193.136 10.693 50.8571 16
batch196.268 12.675 50.8538 15
batch151.1 11.434 50.8527 15
batch160.271 10.360 50.8431 12
batch108.31 12.259 50.8395 15
batch76.52 8.038 50.8374 12
batch51.83 10.613 50.8361 14
batch187.28 8.868 50.8358 14
batch124.58 9.308 50.835 14
batch190.24 8.090 50.8338 17
batch92.186 10.460 50.833 17
batch185.178 10.914 50.8329 13
batch87.202 9.661 50.8326 16
batch8.190 8.956 50.8319 15
batch171.249 9.247 50.83 17
batch46.7 8.425 50.8288 17
batch188.98 10.123 50.8215 16
batch77.176 11.392 50.8196 17
batch118.29 11.230 50.8097 8
batch78.107 11.123 50.8088 15
batch51.280 10.060 50.8082 17
batch144.80 12.411 50.8043 17
batch149.230 8.807 50.7997 17
batch120.166 10.484 50.795 17
batch5.65 10.436 50.7945 11
batch191.216 10.340 50.7918 17
batch1.92 9.901 50.7892 15
batch196.196 12.995 50.7883 14
batch79.256 10.547 50.7847 17
batch153.166 10.892 50.7816 16
batch7.200 11.689 50.7773 14
batch42.213 13.123 50.7737 17
batch176.6 11.155 50.7705 17
batch172.206 10.215 50.7701 12
batch153.141 11.851 50.7695 12
batch62.129 11.788 50.765 14
batch89.204 11.520 50.7646 16
batch17.67 10.350 50.7625 12
batch84.157 7.947 50.7589 16
batch88.106 10.287 50.7526 15
batch10.2 10.046 50.7519 16
batch136.70 11.510 50.7509 13
batch132.14 10.089 50.7507 9
batch79.212 10.003 50.7475 15
batch81.32 9.779 50.7467 15
batch179.88 10.067 50.7465 14
batch61.134 10.704 50.7452 16
batch65.116 9.689 50.7451 17
batch58.19 12.014 50.7346 13
batch1.137 8.384 50.7295 15
batch17.184 11.512 50.7241 17
batch123.92 11.444 50.7221 16
batch134.115 10.376 50.7182 16
batch85.167 11.960 50.7167 13
batch120.250 9.419 50.7146 17
batch116.256 9.266 50.714 10
batch187.135 9.720 50.7092 17
batch161.92 7.954 50.7053 16
batch182.151 12.803 50.7013 15
batch115.208 10.889 50.6994 15
batch126.233 7.385 50.6978 17
batch18.236 11.762 50.6966 17
batch165.222 14.117 50.6932 16
batch189.229 10.830 50.687 16
batch67.242 9.156 50.6816 16
batch198.6 11.054 50.6754 13
batch103.182 10.390 50.6747 15
batch138.239 9.715 50.6699 17
batch145.43 11.405 50.6643 15
batch1.24 10.098 50.6551 17
batch27.143 10.568 50.6528 16
batch132.218 8.498 50.647 16
batch104.18 13.767 50.6397 13
batch13.249 12.506 50.6348 16
batch7.239 10.861 50.6313 15
batch46.23 7.782 50.6301 16
batch181.114 11.222 50.6279 16
batch50.59 9.871 50.6233 13
batch38.70 8.048 50.6194 15
batch4.163 9.524 50.6087 12
batch126.168 11.447 50.6079 14
batch112.20 11.886 50.6071 13
batch190.59 12.609 50.605 17
batch22.79 11.209 50.5996 17
batch58.193 13.637 50.5989 16
batch193.209 13.073 50.5962 14
batch78.227 10.029 50.5951 12
batch20.106 9.115 50.5945 17
batch32.85 11.610 50.5943 17
batch150.50 12.529 50.5878 16
batch84.54 13.261 50.5775 14
batch49.76 9.852 50.5775 14
batch163.243 9.153 50.5754 17
batch42.248 9.844 50.5723 13
batch62.32 10.620 50.5719 12
batch108.143 11.435 50.5645 13
batch193.64 11.125 50.5588 15
batch157.59 10.822 50.5584 14
batch11.107 8.699 50.5543 17
batch157.234 11.264 50.5524 16
batch31.157 8.263 50.5512 16
batch133.211 13.139 50.5479 15
batch10.55 8.186 50.5477 17
batch63.255 7.859 50.5471 16
batch57.117 11.694 50.5423 17
batch156.77 11.240 50.542 14
batch147.80 9.954 50.5396 13
batch37.134 9.505 50.5368 16
batch89.56 8.578 50.5361 15
batch137.30 13.853 50.5324 16
batch78.123 12.005 50.5281 17
batch59.24 9.105 50.5191 14
batch121.21 8.898 50.5171 17
batch62.175 13.551 50.5163 11
batch178.222 11.107 50.509 17
batch134.128 9.473 50.5077 17
batch105.17 12.575 50.5069 17
batch167.226 10.975 50.501 13
batch35.280 8.257 50.5002 15
batch4.13 11.576 50.4975 16
batch102.155 9.910 50.4894 16
batch122.38 12.024 50.4886 14
batch10.167 11.700 50.4784 16
batch51.282 9.791 50.4783 17
batch181.244 12.367 50.4776 17
batch17.266 10.225 50.4772 16
batch70.4 10.099 50.4742 16
batch12.47 10.297 50.4729 15
batch188.42 13.291 50.4705 15
batch26.266 10.931 50.4655 12
batch26.118 12.107 50.4554 14
batch15.118 11.576 50.4538 15
batch32.277 11.358 50.4488 17
batch34.185 10.411 50.4414 13
batch61.8 11.027 50.4408 8
batch92.104 9.458 50.4404 17
batch70.173 8.220 50.4331 17
batch151.151 11.015 50.4245 16
batch64.200 8.692 50.4231 17
batch84.217 9.437 50.4222 17
batch16.118 10.307 50.4153 12
batch73.175 9.008 50.4124 14
batch53.55 11.297 50.4111 14
batch162.36 11.320 50.4066 17
batch183.238 8.590 50.4025 14
batch109.120 8.875 50.3966 15
batch100.268 8.371 50.3905 16
batch49.33 11.308 50.3777 17
batch57.159 12.035 50.3771 16
batch106.236 9.359 50.3736 16
batch49.78 9.881 50.3726 15
batch61.263 11.613 50.3601 16
batch185.34 8.719 50.3577 16
batch28.249 12.943 50.3551 12
batch53.180 9.813 50.3485 11
batch24.278 13.511 50.3299 12
batch78.74 11.575 50.3296 14
batch105.234 7.737 50.3287 16
batch146.94 10.127 50.3261 17
batch58.111 11.806 50.3126 15
batch83.42 9.772 50.31 12
batch158.266 9.816 50.308 15
batch94.38 12.175 50.283 16
batch150.147 11.180 50.2706 17
batch21.157 8.594 50.2625 17
batch136.220 13.198 50.2548 10
batch179.45 12.147 50.2493 16
batch4.96 9.599 50.2451 13
batch43.125 12.168 50.2377 9
batch160.211 12.114 50.2376 17
batch11.100 11.223 50.2238 14
batch127.24 10.267 50.2233 11
batch54.108 13.048 50.2209 13
batch185.190 12.421 50.2112 14
batch66.266 9.215 50.2026 14
batch191.251 9.029 50.2006 14
batch58.99 13.046 50.1897 16
batch156.175 11.376 50.1734 16
batch40.148 9.101 50.1719 14
batch175.210 9.215 50.1705 15
batch139.15 9.202 50.1613 17
batch78.128 11.333 50.1597 16
batch128.231 13.356 50.1527 16
batch50.105 10.248 50.1438 16
batch121.258 9.332 50.1435 8
batch110.9 9.072 50.1328 15
batch37.232 10.323 50.1266 17
batch175.102 12.351 50.1204 17
batch158.273 9.297 50.1172 17
batch44.201 9.739 50.0838 16
batch40.159 11.055 50.0775 15
batch92.11 10.325 50.0734 12
batch75.57 13.046 50.0716 11
batch23.46 11.134 50.0703 16
batch83.33 11.636 50.0687 12
batch94.155 11.516 50.0505 16
batch126.60 11.820 50.0289 14
batch95.147 12.575 50.0228 14
batch103.267 13.173 50.01 16
batch4.139 11.534 50.0072 15
batch39.251 11.710 50.0037 16
batch76.77 8.994 50.0015 17
batch51.251 10.602 49.9608 10
batch158.99 11.930 49.9498 16
batch192.58 12.798 49.9461 16
batch108.87 9.594 49.9412 15
batch75.220 11.395 49.9211 15
batch126.14 11.002 49.8994 17
batch20.177 11.507 49.8966 15
batch53.241 10.494 49.8547 14
batch148.123 11.535 49.8394 13
batch67.125 11.095 49.8307 15
batch101.277 12.694 49.8267 13
batch109.178 12.835 49.8084 17
batch29.122 8.641 49.796 16
batch12.28 9.425 49.7917 17
batch171.194 7.101 49.7794 17
batch161.209 10.026 49.7732 17
batch140.110 13.614 49.6989 17
batch95.10 12.448 49.67 17
batch112.195 8.488 49.6569 16
batch95.49 12.830 49.6384 13
batch149.37 11.576 49.6017 16
batch21.156 12.502 49.5822 16
batch32.114 10.986 49.5605 17
batch170.198 11.034 49.5561 15
batch57.50 9.643 49.5273 14
batch44.19 7.733 49.5216 16
batch35.187 9.769 49.4847 15
batch97.121 12.115 49.4546 16
batch23.189 11.859 49.4025 15
batch53.21 9.178 49.4024 14
batch148.138 10.676 49.3784 16
batch126.139 8.571 49.3072 15
batch24.228 10.397 49.2826 17
batch109.193 9.610 49.2714 15
batch46.113 11.219 49.2442 13
batch36.157 10.202 49.181 12
batch141.144 9.152 49.1149 15
batch9.19 10.949 48.9817 13
batch146.40 10.477 48.9484 17
batch86.261 11.818 48.9224 13
batch37.107 11.355 48.8861 14
batch193.245 10.981 48.879 16
batch156.228 9.823 48.8766 17
batch17.95 10.734 48.6695 17
batch124.125 12.785 48.1964 16
batch62.115 8.422 48.1923 16
