  72  79  0 1000
  70  81  0  999
  71  80  0  998
  16  39  0  997
  26  67  0  996
  15  40  0  995
  69  82  0  994
  73  78  0  993
  17  38  0  992
  42  60  0  991
  13  41  0  990
  22  30  0  989
  64  85  0  988
   3  91  0  987
  25  68  0  986
  18  37  0  985
   4  90  0  984
   5  89  0  983
  28  65  0  982
  48  55  0  981
   8  86  0  980
  43  59  0  979
   2  92  0  978
  27  66  0  975
   1  93  0  973
  23  29  0  965
  71  81  0  894
  70  80  0  849
   9  63  0  826
  46  55  0  793
  17  37  0  632
   5  14  0  585
  19  37  0  581
  26  66  0  570
  69  83  0  477
  10  63  0  453
   3  28  0  429
  84  91  0  390
  48  54  0  359
  77  84  0  352
  50  67  0  294
   2  75  0  292
  52  93  0  284
  34  76  0  280
   5  64  0  276
   9  34  0  269
  34  49  0  265
  19  32  0  257
  14  41  0  254
  19  35  0  242
  10  78  0  241
  31  37  0  231
  62  78  0  212
  14  55  0  192
  14  81  0  184
  42  84  0  175
  18  38  0  160
  16  37  0  158
  13  71  0  150
  50  68  0  143
  25  83  0  141
   2  93  0  140
  50  74  0  139
  18  63  0  137
   1  78  0  136
  22  85  0  129
   1  10  0  125
  63  75  0  123
  59  83  0  121
   2  27  0  119
  18  32  0  117
  30  85  0  115
  18  31  0  111
  10  73  0  110
  50  83  0  107
  10  62  0  106
  28  91  0  100
  53  88  0   99
  61  85  0   97
  23  66  0   96
   8  30  0   95
   8  22  0   89
   1  38  0   88
  25  67  0   81
  43  60  0   80
   4  64  0   79
   8  66  0   76
  26  65  0   72
   9  46  0   71
  49  89  0   69
  34  79  0   67
   3  25  0   66
  71  76  0   64
  21  31  0   62
  10  77  0   60
  54  67  0   59
  10  33  0   57
   9  37  0   53
  13  81  0   51
   9  92  0   49
