72 79  0 8  0.9
70 81  0 8  0.9
71 80  0 8  0.9
16 39  0 8  0.9
26 67  0 8  0.9
15 40  0 8  0.9
69 82  0 8  0.9
73 78  0 8  0.9
17 38  0 8  0.9
42 60  0 8  0.9
13 41  0 8  0.9
22 30  0 8  0.9
64 85  0 8  0.9
3 91  0 8  0.9
25 68  0 8  0.9
18 37  0 8  0.9
4 90  0 8  0.9
5 89  0 8  0.9
28 65  0 8  0.9
48 55  0 8  0.9
8 86  0 8  0.9
43 59  0 8  0.9
2 92  0 8  0.9
27 66  0 8  0.8978
1 93  0 8  0.8967
23 29  0 8  0.8879
71 81  0 8  0.8076
70 80  0 8  0.757
9 63  0 8  0.7317
46 55  0 8  0.6943
17 37  0 8  0.5095
5 14  0 8  0.4556
19 37  0 8  0.4523
26 66  0 8  0.4413
69 83  0 8  0.3346
10 63  0 8  0.3082
3 28  0 8  0.2818
84 91  0 8  0.2378
48 54  0 8  0.2026
77 84  0 8  0.196
50 67  0 8  0.13
2 75  0 8  0.1289
52 93  0 8  0.1212
34 76  0 8  0.1168
5 64  0 8  0.1135
9 34  0 8  0.1069
34 49  0 8  0.1036
19 32  0 8  0.0948
14 41  0 8  0.0926
19 35  0 8  0.0805
10 78  0 8  0.0805
31 37  0 8  0.0695
62 78  0 8  0.0497
14 55  0 8  0.0266
14 81  0 8  0.0189
42 84  0 8  0.0101
18 38  0 8  -0.0064
16 37  0 8  -0.0075
13 71  0 8  -0.0152
50 68  0 8  -0.0229
25 83  0 8  -0.024
2 93  0 8  -0.024
50 74  0 8  -0.024
18 63  0 8  -0.0251
1 78  0 8  -0.0251
22 85  0 8  -0.0317
1 10  0 8  -0.035
63 75  0 8  -0.0361
59 83  0 8  -0.0372
2 27  0 8  -0.0383
18 32  0 8  -0.0394
30 85  0 8  -0.0416
18 31  0 8  -0.0449
10 73  0 8  -0.0449
50 83  0 8  -0.0471
10 62  0 8  -0.0471
28 91  0 8  -0.0526
53 88  0 8  -0.0526
61 85  0 8  -0.0537
23 66  0 8  -0.0537
8 30  0 8  -0.0537
8 22  0 8  -0.0592
1 38  0 8  -0.0592
25 67  0 8  -0.0669
43 60  0 8  -0.0669
4 64  0 8  -0.0669
8 66  0 8  -0.0691
26 65  0 8  -0.0724
9 46  0 8  -0.0724
49 89  0 8  -0.0735
34 79  0 8  -0.0746
3 25  0 8  -0.0746
71 76  0 8  -0.0757
21 31  0 8  -0.0768
10 77  0 8  -0.0779
54 67  0 8  -0.0779
10 33  0 8  -0.079
9 37  0 8  -0.0823
13 81  0 8  -0.0834
9 92  0 8  -0.0845
3 65  0 8  -0.0845
29 66  0 8  -0.0856
9 50  0 8  -0.0867
23 61  0 8  -0.0878
1 8  0 8  -0.0878
61 66  0 8  -0.0878
2 50  0 8  -0.0889
54 89  0 8  -0.0889
22 91  0 8  -0.0911
17 32  0 8  -0.0911
13 70  0 8  -0.0922
17 39  0 8  -0.0944
53 93  0 8  -0.0966
51 74  0 8  -0.0966
31 42  0 8  -0.0966
18 33  0 8  -0.0977
23 64  0 8  -0.0977
8 91  0 8  -0.0988
41 71  0 8  -0.0999
41 70  0 8  -0.101
14 70  0 8  -0.101
18 43  0 8  -0.1021
51 75  0 8  -0.1032
9 49  0 8  -0.1032
38 52  0 8  -0.1043
41 81  0 8  -0.1043
18 77  0 8  -0.1054
52 77  0 8  -0.1076
52 73  0 8  -0.1076
