  81  70  0 10000
  72  79  0 10000
  70  81  0 9999
  71  80  0 9998
  16  39  0 9997
  26  67  0 9996
  15  40  0 9995
  69  82  0 9994
  73  78  0 9993
  17  38  0 9992
  42  60  0 9991
  13  41  0 9990
  22  30  0 9989
  64  85  0 9988
   3  91  0 9987
  25  68  0 9986
  18  37  0 9985
   4  90  0 9984
   5  89  0 9983
  28  65  0 9982
  48  55  0 9981
   8  86  0 9980
  43  59  0 9979
   2  92  0 9978
  79  72  0 9976
  27  66  0 9975
   1  93  0 9973
  80  71  0 9967
  23  29  0 9965
  71  81  0 9894
  70  80  0 9849
  39  16  0 9844
  40  15  0 9830
   9  63  0 9826
  67  26  0 9803
  46  55  0 9793
  41  13  0 9783
  38  17  0 9744
  60  42  0 9723
  30  22  0 9716
  82  69  0 9707
  85  64  0 9687
  78  73  0 9685
  91   3  0 9681
  17  37  0 9632
  68  25  0 9614
  89   5  0 9613
  37  18  0 9593
  55  48  0 9592
   5  14  0 9585
  65  28  0 9583
  19  37  0 9581
  26  66  0 9570
  86   8  0 9540
  90   4  0 9537
  92   2  0 9503
  69  83  0 9477
  10  63  0 9453
   3  28  0 9429
  84  91  0 9390
  93   1  0 9378
  48  54  0 9359
  77  84  0 9352
  66  27  0 9321
  63   9  0 9313
  81  71  0 9311
  50  67  0 9294
   2  75  0 9292
  52  93  0 9284
  34  76  0 9280
   5  64  0 9276
  14   5  0 9272
   9  34  0 9269
  80  70  0 9266
  34  49  0 9265
  59  43  0 9261
  19  32  0 9257
  14  41  0 9254
  29  23  0 9248
  19  35  0 9242
  10  78  0 9241
  22   8  0 9237
  30   8  0 9235
  28   3  0 9232
  31  37  0 9231
  62  78  0 9212
  55  46  0 9209
  91  28  0 9208
  37  17  0 9204
  62  28  0 9202
  38   8  0 9201
  14  55  0 9192
  14   1  0 9192
  93   2  0 9186
  91  22  0 9185
  14  81  0 9184
  92  13  0 9176
  42  84  0 9175
  91  30  0 9174
  64   4  0 9172
  89  14  0 9168
  89  41  0 9166
  84  42  0 9164
  18  38  0 9160
  32  18  0 9159
  16  37  0 9158
  41  14  0 9155
  13  71  0 9150
  26  13  0 9147
  54  13  0 9145
  64   5  0 9143
  50  68  0 9143
  86  22  0 9141
  25  83  0 9141
   2  93  0 9140
  86  30  0 9139
  50  74  0 9139
  92  41  0 9137
  18  63  0 9137
   1  78  0 9136
  37  25  0 9132
  88   6  0 9129
  22  85  0 9129
  41  26  0 9128
  85  22  0 9126
   1  10  0 9125
  14   3  0 9124
  85  30  0 9123
  63  75  0 9123
  54  26  0 9122
  59  83  0 9121
   2  27  0 9119
  35  19  0 9118
  90   5  0 9117
  18  32  0 9117
  30  85  0 9115
  62  42  0 9114
  22  17  0 9112
  18  31  0 9111
  71  13  0 9110
  10  73  0 9110
  70  13  0 9108
  50  83  0 9107
  14   2  0 9106
  10  62  0 9106
  86  14  0 9105
  92   8  0 9104
  81  13  0 9101
  66  61  0 9100
  28  91  0 9100
  53  88  0 9099
  70  41  0 9097
  61  85  0 9097
  23  66  0 9096
   8  30  0 9095
  61  23  0 9095
  38  22  0 9094
  88   7  0 9093
  39  17  0 9091
  30  17  0 9090
   8  22  0 9089
  38  30  0 9089
   1  38  0 9088
  81  41  0 9087
  80  41  0 9084
  67  25  0 9082
  25  67  0 9081
  43  60  0 9080
   4  64  0 9079
  26   8  0 9079
  87   7  0 9078
  11   6  0 9077
   8  66  0 9076
  60   1  0 9076
  91   1  0 9073
  26  65  0 9072
   9  46  0 9071
  91  86  0 9071
  89  13  0 9069
  49  89  0 9069
  34  79  0 9067
  12   6  0 9067
  87   6  0 9066
   3  25  0 9066
  71  76  0 9064
  60  25  0 9064
  21  31  0 9062
  61  29  0 9060
  10  77  0 9060
  54  67  0 9059
  13   2  0 9059
  66  29  0 9058
  10  33  0 9057
  88  11  0 9056
   9   1  0 9055
   9  37  0 9053
  33   2  0 9053
  31  21  0 9052
  67   9  0 9051
  13  81  0 9051
  85  61  0 9050
   9  92  0 9049
  83  67  0 9048
   3  65  0 9048
  56  47  0 9047
  29  66  0 9046
  17   8  0 9046
   9  50  0 9045
  66  23  0 9045
  32  17  0 9044
  23  61  0 9043
   8   1  0 9042
   1   8  0 9042
  86   1  0 9041
  61  66  0 9041
  12   7  0 9040
   2  50  0 9039
  54  89  0 9038
  54  48  0 9038
  80  13  0 9037
  71  41  0 9035
  22  91  0 9035
  17  32  0 9034
  91  84  0 9033
  13  70  0 9032
  41  25  0 9031
  87  11  0 9030
  17  39  0 9029
  25  13  0 9028
  83  69  0 9026
  53  93  0 9026
  51  74  0 9025
  93  14  0 9024
  31  42  0 9024
  89  62  0 9023
  92   5  0 9022
  18  33  0 9022
  23  64  0 9021
   8  91  0 9019
  70  33  0 9019
  54  41  0 9018
  41  71  0 9017
  35  21  0 9016
  41  70  0 9015
  27  19  0 9015
  83  26  0 9014
  14  70  0 9014
  37  16  0 9012
  18  43  0 9012
  51  75  0 9010
   9  49  0 9009
  68  41  0 9009
  88  12  0 9008
  61  19  0 9007
  38  52  0 9007
  65  23  0 9006
  41  81  0 9006
  18  77  0 9004
  45  20  0 9003
  58  45  0 9002
  52  77  0 9001
  52  73  0 9001
