  81  70  0 1000
  72  79  0 1000
  70  81  0  999
  71  80  0  998
  16  39  0  997
  26  67  0  996
  15  40  0  995
  69  82  0  994
  73  78  0  993
  17  38  0  992
  42  60  0  991
  13  41  0  990
  22  30  0  989
  64  85  0  988
   3  91  0  987
  25  68  0  986
  18  37  0  985
   4  90  0  984
   5  89  0  983
  28  65  0  982
  48  55  0  981
   8  86  0  980
  43  59  0  979
   2  92  0  978
  79  72  0  976
  27  66  0  975
   1  93  0  973
  80  71  0  967
  23  29  0  965
  71  81  0  894
  70  80  0  849
  39  16  0  844
  40  15  0  830
   9  63  0  826
  67  26  0  803
  46  55  0  793
  41  13  0  783
  38  17  0  744
  60  42  0  723
  30  22  0  716
  82  69  0  707
  85  64  0  687
  78  73  0  685
  91   3  0  681
  17  37  0  632
  68  25  0  614
  89   5  0  613
  37  18  0  593
  55  48  0  592
   5  14  0  585
  65  28  0  583
  19  37  0  581
  26  66  0  570
  86   8  0  540
  90   4  0  537
  92   2  0  503
  69  83  0  477
  10  63  0  453
   3  28  0  429
  84  91  0  390
  93   1  0  378
  48  54  0  359
  77  84  0  352
  66  27  0  321
  63   9  0  313
  81  71  0  311
  50  67  0  294
   2  75  0  292
  52  93  0  284
  34  76  0  280
   5  64  0  276
  14   5  0  272
   9  34  0  269
  80  70  0  266
  34  49  0  265
  59  43  0  261
  19  32  0  257
  14  41  0  254
  29  23  0  248
  19  35  0  242
  10  78  0  241
  22   8  0  237
  30   8  0  235
  28   3  0  232
  31  37  0  231
  62  78  0  212
  55  46  0  209
  91  28  0  208
  37  17  0  204
  62  28  0  202
  38   8  0  201
  14  55  0  192
  14   1  0  192
  93   2  0  186
  91  22  0  185
  14  81  0  184
  92  13  0  176
  42  84  0  175
  91  30  0  174
  64   4  0  172
  89  14  0  168
  89  41  0  166
  84  42  0  164
  18  38  0  160
  32  18  0  159
  16  37  0  158
  41  14  0  155
  13  71  0  150
  26  13  0  147
  54  13  0  145
  64   5  0  143
  50  68  0  143
  86  22  0  141
  25  83  0  141
   2  93  0  140
  86  30  0  139
  50  74  0  139
  92  41  0  137
  18  63  0  137
   1  78  0  136
  37  25  0  132
  88   6  0  129
  22  85  0  129
  41  26  0  128
  85  22  0  126
   1  10  0  125
  14   3  0  124
  85  30  0  123
  63  75  0  123
  54  26  0  122
  59  83  0  121
   2  27  0  119
  35  19  0  118
  90   5  0  117
  18  32  0  117
  30  85  0  115
  62  42  0  114
  22  17  0  112
  18  31  0  111
  71  13  0  110
  10  73  0  110
  70  13  0  108
  50  83  0  107
  14   2  0  106
  10  62  0  106
  86  14  0  105
  92   8  0  104
  81  13  0  101
  66  61  0  100
  28  91  0  100
  53  88  0   99
  70  41  0   97
  61  85  0   97
  23  66  0   96
   8  30  0   95
  61  23  0   95
  38  22  0   94
  88   7  0   93
  39  17  0   91
  30  17  0   90
   8  22  0   89
  38  30  0   89
   1  38  0   88
  81  41  0   87
  80  41  0   84
  67  25  0   82
  25  67  0   81
  43  60  0   80
   4  64  0   79
  26   8  0   79
  87   7  0   78
  11   6  0   77
   8  66  0   76
  60   1  0   76
  91   1  0   73
  26  65  0   72
   9  46  0   71
  91  86  0   71
  89  13  0   69
  49  89  0   69
  34  79  0   67
  12   6  0   67
  87   6  0   66
   3  25  0   66
  71  76  0   64
  60  25  0   64
  21  31  0   62
  61  29  0   60
  10  77  0   60
  54  67  0   59
  13   2  0   59
  66  29  0   58
  10  33  0   57
  88  11  0   56
   9   1  0   55
   9  37  0   53
  33   2  0   53
  31  21  0   52
  67   9  0   51
  13  81  0   51
  85  61  0   50
   9  92  0   49
  83  67  0   48
   3  65  0   48
  56  47  0   47
  29  66  0   46
  17   8  0   46
   9  50  0   45
  66  23  0   45
  32  17  0   44
  23  61  0   43
   8   1  0   42
   1   8  0   42
  86   1  0   41
  61  66  0   41
  12   7  0   40
   2  50  0   39
  54  89  0   38
  54  48  0   38
  80  13  0   37
  71  41  0   35
  22  91  0   35
  17  32  0   34
  91  84  0   33
  13  70  0   32
  41  25  0   31
  87  11  0   30
  17  39  0   29
  25  13  0   28
  83  69  0   26
  53  93  0   26
  51  74  0   25
  93  14  0   24
  31  42  0   24
  89  62  0   23
  92   5  0   22
  18  33  0   22
  23  64  0   21
   8  91  0   19
  70  33  0   19
  54  41  0   18
  41  71  0   17
  35  21  0   16
  41  70  0   15
  27  19  0   15
  83  26  0   14
  14  70  0   14
  37  16  0   12
  18  43  0   12
  51  75  0   10
   9  49  0    9
  68  41  0    9
  88  12  0    8
  61  19  0    7
  38  52  0    7
  65  23  0    6
  41  81  0    6
  18  77  0    4
  45  20  0    3
  58  45  0    2
  52  77  0    1
  52  73  0    1
