1 11.930 96.9459 46
2 12.443 99.8328 26
3 9.419 98.7429 48
4 10.414 98.0676 35
5 9.067 96.8065 35
6 10.914 95.2571 42
7 9.797 100.543 24
8 11.370 98.5088 20
9 9.561 96.2538 30
10 6.354 98.1402 39
11 11.518 99.4814 35
12 10.556 98.9092 42
13 9.632 102.875 35
14 9.369 97.7367 31
15 12.895 100.823 32
16 9.764 96.1693 22
17 11.295 98.1761 37
18 11.258 99.2022 29
19 7.299 99.5837 18
20 10.456 99.5644 48
21 9.126 101.791 53
22 12.023 98.2524 50
23 10.677 102.035 37
24 12.339 100.181 29
25 11.497 102.07 31
26 10.227 99.598 41
27 11.140 96.7302 29
28 12.877 99.3015 31
29 7.422 99.4968 28
30 9.263 98.4682 26
31 8.743 97.5405 20
32 7.647 100.776 27
33 10.825 101.099 45
34 10.655 98.2302 40
35 11.894 99.4669 34
36 11.374 97.6706 34
37 8.398 100.129 47
38 10.391 96.875 34
39 8.402 99.4708 24
40 10.368 98.7844 42
41 12.176 96.2662 37
42 9.708 102.47 47
43 8.967 96.6034 32
44 9.562 102.263 49
45 11.664 98.5911 31
46 12.320 97.9568 44
47 13.564 96.4055 37
48 11.534 98.1282 30
49 7.825 99.3099 32
50 8.748 100.686 34
51 9.755 98.0209 46
52 11.515 99.3499 41
53 10.694 95.0188 19
54 10.705 99.4002 40
55 8.091 102.096 37
56 8.288 99.7733 56
57 11.886 98.5341 23
58 7.729 99.567 34
59 11.242 99.857 38
60 10.527 104.107 63
61 13.653 99.4559 32
62 11.251 98.0705 38
63 7.304 101.808 35
64 10.103 98.7101 26
65 8.250 99.6035 29
66 12.060 99.8938 38
67 11.114 99.4323 40
68 8.974 100.587 57
69 11.263 98.4442 37
70 9.957 99.9786 26
71 9.142 100.311 65
72 9.371 101.527 52
73 12.308 101.711 35
74 11.771 96.0972 28
75 11.694 96.8589 38
76 10.131 97.6896 27
77 10.818 102.625 57
78 7.648 96.4198 36
79 7.826 100.396 28
80 9.454 100.321 31
81 12.541 98.717 27
82 9.814 96.6543 59
83 7.016 99.2116 50
84 9.552 98.8545 28
85 11.029 99.7195 54
86 11.816 95.7596 32
87 10.579 97.822 38
88 10.890 100.468 34
89 12.180 103.041 62
90 10.535 97.9727 50
91 10.673 97.0933 50
92 10.167 98.3023 25
93 9.702 96.6588 35
94 12.108 103.23 54
95 11.659 98.7565 26
96 10.360 102.032 25
97 10.820 100.633 55
98 11.446 100.917 45
99 9.639 102.429 39
100 10.096 98.6135 37
101 9.953 99.2996 37
102 10.784 96.7097 23
103 11.840 98.2938 23
104 9.623 101.151 40
105 12.209 100.557 24
106 12.288 98.4317 30
107 12.040 103.121 38
108 8.844 96.5008 44
109 8.438 100.972 23
110 9.822 100.911 40
111 9.072 97.5482 27
112 12.752 98.356 24
113 9.837 97.8507 34
114 13.075 100.427 34
115 9.835 102.022 32
116 8.304 98.73 30
117 12.683 94.6278 20
118 12.363 98.1246 29
119 13.020 100.016 21
120 12.329 94.4069 22
121 8.705 98.7666 37
122 9.840 100.086 38
123 10.779 101.621 27
124 9.628 98.1998 38
125 7.797 97.7163 18
126 9.998 99.2256 31
127 7.648 97.7158 29
128 12.171 101.036 24
129 9.950 98.5072 42
130 10.588 98.2106 36
131 10.767 96.3116 53
132 9.056 96.2914 33
133 11.288 103.15 32
134 8.613 98.3132 26
135 8.467 98.7952 42
136 10.293 96.7604 50
137 9.720 101.599 45
138 13.108 95.735 30
139 7.412 99.2428 5
140 11.717 102.483 47
141 9.082 99.0371 15
142 8.388 95.6135 30
143 11.797 101.192 38
144 11.782 98.9615 15
145 8.386 97.0943 66
146 10.125 100.523 43
147 11.645 100.256 22
148 9.476 99.6152 31
149 7.601 97.7116 50
150 11.320 101.372 51
151 9.654 102.945 39
152 8.619 97.0075 38
153 10.298 97.5398 39
154 9.573 97.7069 30
155 12.568 99.3189 46
156 10.220 96.8557 38
157 7.404 96.3453 31
158 10.080 97.4872 34
159 10.780 102.001 34
160 12.806 96.8093 15
161 10.678 100.619 19
162 10.466 99.7748 37
163 8.931 98.3845 36
164 11.529 97.4438 27
165 9.166 100.079 40
166 7.337 99.9011 21
167 8.796 98.305 37
168 10.284 96.9355 37
169 10.615 97.2642 33
170 11.518 98.3353 50
171 10.739 102.159 34
172 11.910 96.1545 36
173 10.519 95.2229 41
174 9.070 97.4344 23
175 10.199 96.6605 25
176 12.340 98.6512 30
177 11.900 94.2825 23
178 8.317 99.6948 39
179 11.600 94.7825 26
180 12.438 101.023 31
181 8.786 96.9064 32
182 10.658 101.207 34
183 9.588 98.2514 40
184 9.290 100.832 47
185 7.302 98.6289 32
186 12.708 96.1362 47
187 9.959 98.458 26
188 8.859 100.047 34
189 9.699 102.901 41
190 10.038 97.7757 26
191 11.055 101.528 51
192 8.797 98.4244 51
193 12.596 94.5915 39
194 9.507 97.0683 33
195 10.709 99.0873 28
196 10.672 102.084 60
197 7.543 98.5348 17
198 8.720 96.6047 54
199 8.018 96.1546 22
200 7.388 100.22 42
201 11.229 100.053 35
202 8.212 99.5336 29
203 10.508 99.4655 40
204 10.225 98.2882 57
205 7.729 100.677 59
206 11.238 96.4188 31
207 10.946 100.801 45
208 8.324 99.8046 42
209 8.729 99.5438 38
210 9.040 100.022 32
211 12.309 96.2744 11
212 7.970 95.833 63
213 11.355 97.991 35
214 11.382 100.92 31
215 10.211 102.128 31
216 11.420 100.265 34
217 7.805 98.3535 55
218 9.353 98.5103 37
219 11.357 102.198 47
220 10.080 100.003 32
221 10.978 100.438 38
222 11.903 102.033 34
223 10.197 100.206 26
224 9.754 97.2242 30
225 12.011 99.1994 28
226 8.908 98.2236 38
227 11.222 98.1873 35
228 11.795 97.9503 25
229 12.457 100.846 27
230 11.703 101.027 33
231 9.485 98.9266 46
232 10.778 98.9099 39
233 11.095 94.9077 39
234 9.233 100.677 29
235 11.051 96.1278 40
236 11.816 99.5136 28
237 9.550 96.7637 56
238 12.595 98.8679 19
239 8.954 96.2774 15
240 9.938 97.3319 32
241 11.099 97.9903 33
242 9.348 100.505 39
243 11.152 101.741 21
244 10.595 100.897 51
245 9.127 97.3551 38
246 9.811 98.3998 39
247 8.316 96.227 31
248 9.927 99.9182 58
249 11.853 97.1079 30
250 10.890 95.7222 38
251 9.181 99.0833 41
252 11.068 100.764 51
253 11.132 97.9563 47
254 10.034 99.088 54
255 7.896 100.755 18
256 7.695 97.8405 38
257 12.465 100.401 33
258 7.852 99.8221 40
259 8.000 100.05 30
260 9.919 99.492 38
261 9.912 103.421 43
262 8.581 98.2232 31
263 12.682 100.41 31
264 8.322 99.1798 30
265 9.334 98.9464 32
266 8.823 99.4772 25
267 11.911 98.8581 12
268 8.613 98.2704 34
269 9.290 103.143 38
270 10.319 96.8675 31
271 10.293 100.671 42
272 11.631 98.144 34
273 11.410 97.7477 38
274 9.697 96.9457 44
275 7.438 100.938 49
276 10.837 99.4379 33
277 12.632 100.709 58
278 12.963 98.7856 34
279 11.536 99.5414 41
280 11.911 100.286 36
281 9.147 99.4433 46
282 10.810 98.1442 32
283 12.254 101.538 21
284 9.119 97.4856 43
285 11.230 98.9906 45
286 11.609 98.8235 36
287 10.101 98.3334 30
288 11.783 102.441 41
289 8.680 99.6573 51
290 10.308 100.311 31
291 6.658 96.9427 18
292 9.010 100.911 42
293 9.936 101.803 46
294 13.133 98.0154 39
295 7.982 97.0115 25
296 9.125 97.3236 24
297 11.442 101.925 33
298 9.293 98.5116 44
299 7.475 99.4249 33
300 8.760 97.5057 52
301 10.627 99.0755 61
302 10.310 97.8377 23
303 7.636 96.6584 25
304 8.616 96.7546 56
305 8.693 98.3523 45
306 6.200 98.0129 34
307 12.060 102.487 40
308 8.176 99.4858 38
309 10.580 97.2825 24
310 8.235 96.7296 35
311 12.749 97.145 29
312 10.628 101.075 47
313 12.331 99.5851 35
314 11.584 101.555 23
315 10.780 97.6605 25
316 10.718 95.2858 25
317 11.028 96.901 29
318 12.057 97.1012 46
319 8.957 99.4976 31
320 7.528 101.222 37
321 10.618 97.28 35
322 10.853 94.187 39
323 8.680 100.382 52
324 8.909 99.8225 35
325 10.174 100.453 31
326 9.862 100.783 39
327 8.894 99.2982 37
328 12.422 99.5671 34
329 10.182 98.0309 24
330 9.559 97.1966 44
331 10.145 101.066 49
332 10.041 97.6059 42
333 10.934 99.5428 38
334 13.089 99.7483 20
335 8.576 98.067 23
336 11.890 99.1015 32
337 9.060 97.215 41
338 11.803 98.3194 36
339 11.719 94.7854 21
340 8.422 100.032 29
341 8.111 97.9523 28
342 11.342 95.6122 31
343 8.616 98.6597 42
344 10.959 98.7377 49
345 11.062 98.2027 42
346 11.933 100.898 41
347 11.002 96.8153 35
348 13.163 100.012 32
349 10.883 100.471 50
350 9.549 95.4883 37
351 12.716 100.388 29
352 10.113 99.6824 30
353 13.337 99.399 37
354 11.609 96.6556 55
355 8.915 97.7555 53
356 10.414 98.2922 61
357 11.369 99.084 25
358 11.265 97.421 51
359 9.156 97.7288 29
360 9.480 98.7734 36
361 8.123 95.9377 18
362 8.318 99.8735 26
363 10.932 98.7148 29
364 10.965 97.9766 12
365 9.071 98.0087 24
366 10.758 99.5665 31
367 9.344 99.8631 39
368 10.674 98.0377 53
369 9.351 97.5914 39
370 12.726 100.87 49
371 10.886 97.3942 31
372 10.869 98.2497 30
373 10.806 98.1466 24
374 13.803 99.4306 26
375 9.813 97.1844 58
376 10.649 101.059 57
377 8.387 100.112 23
378 12.768 102.467 49
379 8.963 97.2498 39
380 8.523 100.222 41
381 9.943 98.2502 45
382 12.000 101.261 54
383 10.030 96.9177 53
384 11.815 102.896 34
385 10.655 97.2781 31
386 11.391 101.312 49
387 12.870 98.1584 36
388 9.189 98.8284 32
389 10.352 96.9229 25
390 8.691 101.93 41
391 7.652 99.1057 51
392 11.152 97.2244 29
393 11.631 96.7617 30
394 8.496 96.8493 38
395 9.778 97.9222 35
396 11.884 101.617 31
397 10.671 94.3432 37
398 11.149 102.28 26
399 11.958 99.18 33
400 12.210 99.3503 28
401 12.117 99.1667 22
402 9.273 101.185 42
403 10.620 96.5444 31
404 9.599 96.5198 48
405 8.969 100.566 18
406 11.181 99.2539 19
407 12.891 96.6851 28
408 9.671 99.4542 28
409 7.614 98.5032 36
410 8.335 96.5211 31
411 11.238 97.5164 27
412 10.687 97.9308 55
413 8.083 97.97 14
414 9.579 98.0844 34
415 10.450 101.023 37
416 9.024 102.309 28
417 9.298 101.303 43
418 9.186 98.3334 52
419 6.895 98.9061 17
420 6.849 97.8437 32
421 8.118 100.784 42
422 7.655 100.959 48
423 11.059 100.719 27
424 12.727 98.5179 35
425 11.324 100.932 61
426 12.667 99.1482 38
427 11.669 100.434 25
428 10.864 101.853 34
429 12.160 100.058 38
430 12.554 95.3135 37
431 9.829 101.928 63
432 12.068 98.7944 23
433 9.948 100.407 51
434 8.733 97.24 47
435 10.211 100.782 23
436 10.622 100.244 43
437 9.850 98.7422 29
438 8.739 96.3998 32
439 10.690 102.165 59
440 11.855 94.5435 29
441 10.787 101.441 56
442 10.545 100.677 36
443 8.553 97.7206 31
444 12.628 101.668 22
445 8.100 98.3871 33
446 6.930 96.8503 15
447 12.979 98.7502 27
448 8.958 97.5847 37
449 8.770 95.4698 44
450 8.689 98.9446 30
451 7.918 100.059 48
452 9.178 98.2522 40
453 9.189 98.0095 53
454 8.792 97.1438 33
455 9.842 97.1686 40
456 12.730 99.4113 29
457 9.507 98.5686 27
458 10.510 100.821 55
459 7.874 95.891 28
460 7.845 97.6341 26
461 9.172 101.378 40
462 11.636 101.624 58
463 9.537 100.418 59
464 10.790 99.3757 29
465 9.496 96.9299 51
466 10.051 100.003 29
467 6.684 94.1216 41
468 8.807 99.3368 60
469 7.382 100.32 22
470 11.545 99.1959 34
471 8.197 100.031 39
472 11.966 97.8413 60
473 10.292 96.3466 44
474 8.851 95.946 47
475 8.324 100.043 39
476 8.501 97.6167 21
477 8.024 94.7692 49
478 8.744 96.2609 48
479 11.133 98.4085 33
480 10.387 97.4246 29
481 10.967 97.2824 14
482 7.973 96.8565 34
483 12.181 97.2267 41
484 10.485 99.8746 47
485 10.151 100.507 33
486 9.851 97.4644 25
487 9.150 100.478 29
488 12.166 100.816 36
489 8.851 99.6333 41
490 12.434 102.797 26
491 7.640 94.9204 51
492 9.675 100.796 24
493 7.894 99.5278 32
494 8.876 96.8699 28
495 10.526 98.8652 62
496 9.902 98.1642 32
497 11.548 103.699 55
498 10.393 99.7196 24
499 13.171 98.8708 43
500 7.018 99.5595 33
501 12.208 94.7754 33
