  81  70  0 10000
  72  79  0 10000
  70  81  0 9999
  71  80  0 9998
  16  39  0 9997
  26  67  0 9996
  15  40  0 9995
  69  82  0 9994
  73  78  0 9993
  17  38  0 9992
  42  60  0 9991
  13  41  0 9990
  22  30  0 9989
  64  85  0 9988
   3  91  0 9987
  25  68  0 9986
  18  37  0 9985
   4  90  0 9984
   5  89  0 9983
  28  65  0 9982
  48  55  0 9981
   8  86  0 9980
  43  59  0 9979
   2  92  0 9978
  79  72  0 9976
  27  66  0 9975
   1  93  0 9973
  80  71  0 9967
  23  29  0 9965
  71  81  0 9894
  70  80  0 9849
  39  16  0 9844
  40  15  0 9830
   9  63  0 9826
  67  26  0 9803
  46  55  0 9793
  41  13  0 9783
  38  17  0 9744
  60  42  0 9723
  30  22  0 9716
  82  69  0 9707
  85  64  0 9687
  78  73  0 9685
  91   3  0 9681
  17  37  0 9632
  68  25  0 9614
  89   5  0 9613
  37  18  0 9593
  55  48  0 9592
   5  14  0 9585
  65  28  0 9583
  19  37  0 9581
  26  66  0 9570
  86   8  0 9540
  90   4  0 9537
  92   2  0 9503
  69  83  0 9477
  10  63  0 9453
   3  28  0 9429
  84  91  0 9390
  93   1  0 9378
  48  54  0 9359
  77  84  0 9352
  66  27  0 9321
  63   9  0 9313
  81  71  0 9311
  50  67  0 9294
   2  75  0 9292
  52  93  0 9284
  34  76  0 9280
   5  64  0 9276
  14   5  0 9272
   9  34  0 9269
  80  70  0 9266
  34  49  0 9265
  59  43  0 9261
  19  32  0 9257
  14  41  0 9254
  29  23  0 9248
  19  35  0 9242
  10  78  0 9241
  22   8  0 9237
  30   8  0 9235
  28   3  0 9232
  31  37  0 9231
  62  78  0 9212
  55  46  0 9209
  91  28  0 9208
  37  17  0 9204
  62  28  0 9202
  38   8  0 9201
  14  55  0 9192
  14   1  0 9192
  93   2  0 9186
  91  22  0 9185
  14  81  0 9184
  92  13  0 9176
  42  84  0 9175
  91  30  0 9174
  64   4  0 9172
