72 79 0 10000
70 81 0 9999
71 80 0 9998
16 39 0 9997
26 67 0 9996
15 40 0 9995
69 82 0 9994
73 78 0 9993
17 38 0 9992
42 60 0 9991
13 41 0 9990
22 30 0 9989
64 85 0 9988
3 91 0 9987
25 68 0 9986
18 37 0 9985
4 90 0 9984
5 89 0 9983
28 65 0 9982
48 55 0 9981
8 86 0 9980
43 59 0 9979
2 92 0 9978
27 66 0 9975
1 93 0 9973
23 29 0 9965
71 81 0 9894
70 80 0 9849
9 63 0 9826
46 55 0 9793
17 37 0 9632
5 14 0 9585
19 37 0 9581
26 66 0 9570
69 83 0 9477
10 63 0 9453
3 28 0 9429
84 91 0 9390
48 54 0 9359
77 84 0 9352
50 67 0 9294
2 75 0 9292
52 93 0 9284
34 76 0 9280
5 64 0 9276
9 34 0 9269
34 49 0 9265
19 32 0 9257
14 41 0 9254
19 35 0 9242
10 78 0 9241
31 37 0 9231
62 78 0 9212
14 55 0 9192
14 81 0 9184
42 84 0 9175
18 38 0 9160
16 37 0 9158
13 71 0 9150
50 68 0 9143
25 83 0 9141
2 93 0 9140
50 74 0 9139
18 63 0 9137
1 78 0 9136
22 85 0 9129
1 10 0 9125
63 75 0 9123
59 83 0 9121
2 27 0 9119
18 32 0 9117
30 85 0 9115
18 31 0 9111
10 73 0 9110
50 83 0 9107
10 62 0 9106
28 91 0 9100
53 88 0 9099
61 85 0 9097
23 66 0 9096
