batch1.33 9.822 50.9648 24
batch1.35 7.265 49.1192 19
batch1.83 10.304 50.5706 24
batch1.92 12.211 50.3219 19
batch1.119 11.071 49.9434 23
batch1.169 10.870 50.3389 21
batch10.7 11.437 50.8572 21
batch10.28 11.763 51.438 24
batch10.145 11.340 49.4825 23
batch10.164 7.200 51.7402 20
batch10.177 8.219 50.9926 24
batch100.47 11.018 50.9578 20
batch100.71 10.880 48.8343 20
batch100.121 8.030 50.8318 18
batch100.122 10.273 50.7864 21
batch100.144 10.954 50.533 24
batch100.164 7.926 50.7246 22
batch100.176 11.612 50.3145 23
batch100.183 11.819 49.9022 21
batch101.110 9.680 50.6949 24
batch101.142 11.987 49.3728 18
batch101.158 10.184 49.9977 23
batch102.12 9.268 50.3537 23
batch102.29 12.820 47.7483 21
batch102.45 12.424 49.1468 22
batch102.74 10.745 48.7689 11
batch102.78 9.422 51.1789 24
batch102.134 11.059 49.765 24
batch102.164 9.326 50.6362 23
batch102.169 9.458 50.6525 24
batch103.113 11.417 48.8916 21
batch103.119 8.315 51.2589 20
batch104.20 10.456 49.9533 22
batch104.27 10.850 50.6477 21
batch104.43 10.333 51.447 21
batch104.59 9.383 50.9672 23
batch104.63 9.658 49.5829 20
batch104.108 11.979 50.1548 24
batch104.197 10.896 50.3586 24
batch105.44 10.759 50.2588 23
batch105.51 11.624 49.9788 24
batch105.74 11.542 48.2906 18
batch106.60 9.997 50.794 22
batch106.92 12.172 50.6106 23
batch106.172 11.470 51.1855 20
batch107.131 12.236 51.0995 24
batch107.150 13.015 49.1625 24
batch108.12 12.252 48.6802 18
batch108.26 11.578 49.2405 18
batch108.76 9.717 50.5702 19
batch108.93 5.698 52.1287 23
batch109.99 9.799 49.109 20
batch109.113 13.201 48.1053 24
batch109.133 12.970 49.7069 20
batch11.65 12.133 50.7528 23
batch11.101 11.267 50.3441 19
batch110.23 7.562 50.1163 22
batch110.50 8.186 51.2304 21
batch110.64 11.280 48.5163 23
batch110.162 11.286 49.4857 23
batch110.191 11.314 50.3284 24
batch111.43 10.566 49.7949 19
batch111.113 9.904 49.8162 22
batch111.128 12.767 50.4353 22
batch111.144 11.902 48.4659 24
batch112.1 8.342 50.548 23
batch112.8 12.188 50.6261 20
batch112.104 9.823 49.9344 24
batch112.116 9.882 50.9154 23
batch113.31 11.596 49.9395 18
batch113.49 11.393 48.7361 22
batch113.105 10.871 51.2284 24
batch113.126 9.025 49.9023 20
batch114.13 11.439 49.2881 19
batch114.22 10.654 49.3248 22
batch114.85 9.149 50.639 21
batch114.108 11.601 51.1003 21
batch114.109 9.533 50.4074 24
batch114.120 11.195 50.3462 24
batch114.132 11.143 51.0259 23
batch114.167 7.961 49.976 18
batch114.171 9.025 50.4151 24
batch114.193 10.068 49.1417 19
batch115.54 12.551 49.0913 18
batch115.81 11.841 50.2167 24
batch115.135 10.582 50.075 24
batch115.164 12.497 49.3849 17
batch115.166 9.972 50.0664 22
batch115.193 10.765 49.6197 17
batch116.25 11.689 49.6091 23
batch116.61 10.977 49.0187 22
batch116.98 8.989 49.0614 23
batch116.133 8.908 50.5551 24
batch117.34 10.966 50.2166 24
batch117.139 12.152 51.8437 24
batch117.174 10.861 50.5954 19
batch118.47 10.051 48.2314 20
batch118.112 11.113 50.0381 24
batch118.142 10.404 49.8052 22
batch118.183 9.918 49.3255 23
batch119.13 11.149 49.9404 22
batch119.63 10.526 50.2606 15
batch119.68 6.311 50.5937 24
batch119.105 12.380 51.8143 23
batch119.179 10.749 49.5633 22
batch119.188 10.344 50.7189 24
batch12.48 6.167 50.2601 23
batch12.69 11.547 49.9568 16
batch12.86 12.538 50.3654 20
batch12.146 10.382 50.4098 24
batch120.92 11.428 50.649 22
batch120.98 9.928 49.9967 24
batch120.170 11.830 49.1846 22
batch121.7 7.516 51.0132 18
batch121.28 11.640 49.5215 23
batch121.55 10.086 51.4652 24
batch121.96 9.785 50.2054 22
batch121.99 8.668 49.8483 24
batch121.154 12.722 48.6185 20
batch121.163 11.001 49.8414 24
batch122.8 10.977 50.2962 18
batch122.46 12.111 51.9783 19
batch122.80 11.799 50.7706 18
batch122.131 6.922 49.7375 24
batch122.180 10.768 50.048 24
batch123.64 10.826 51.0701 13
batch123.85 9.138 51.3871 23
batch123.140 12.458 50.874 23
batch123.164 11.877 49.9998 23
batch124.11 11.031 49.4384 21
batch124.93 12.186 49.8054 19
batch124.149 11.893 49.012 22
batch125.42 7.570 49.6783 23
batch126.18 8.793 50.909 21
batch126.99 10.730 50.5876 19
batch126.166 10.801 50.3517 20
batch126.179 11.860 49.4954 24
batch126.189 9.727 49.0641 19
batch127.3 6.664 50.3433 17
batch127.58 8.969 50.8466 23
batch127.78 10.669 49.7996 22
batch128.55 12.597 50.1612 22
batch128.68 9.910 49.9769 14
batch128.88 6.954 49.7705 19
batch128.96 11.986 50.5845 14
batch128.159 10.639 50.4717 22
batch129.13 10.835 50.1707 24
batch129.22 12.497 48.4985 22
batch129.23 8.088 50.3154 22
batch129.25 10.642 50.5258 23
batch129.63 7.270 50.7835 21
batch129.81 11.434 49.6961 24
batch129.118 9.558 49.6568 17
batch129.179 10.384 50.8922 24
batch13.53 10.574 49.9702 23
batch13.57 7.937 49.6815 22
batch13.156 10.228 49.6385 22
batch130.49 10.483 51.4636 24
batch130.176 9.695 50.7168 24
batch131.4 7.468 50.35 23
batch131.25 7.555 51.2709 22
batch131.95 10.737 49.4345 23
batch131.107 11.288 49.1157 18
batch131.166 12.231 49.116 24
batch131.188 9.377 50.2401 19
batch132.36 10.609 50.615 20
batch132.38 9.685 50.0371 24
batch132.119 11.655 50.372 21
batch133.21 10.644 49.9548 22
batch133.38 13.180 49.9524 23
batch133.85 12.645 50.8246 23
batch133.130 11.095 51.0919 13
batch133.162 10.505 49.762 16
batch134.8 10.453 50.0272 20
batch134.17 10.325 50.3944 23
batch134.21 12.334 51.051 22
batch134.59 9.818 50.7908 24
batch134.75 10.383 50.8747 22
batch134.96 7.173 49.5362 19
batch134.101 7.373 50.2029 24
batch134.124 11.228 50.7646 21
batch134.181 9.212 51.2403 15
batch135.5 11.105 49.5287 23
batch135.31 11.214 49.6752 23
batch135.145 12.812 49.4291 23
batch135.146 9.989 49.515 24
batch135.155 11.254 50.4776 20
batch136.4 12.695 48.5159 22
batch136.13 10.746 49.9175 24
batch136.15 10.503 50.9565 22
batch136.29 7.686 51.1892 21
batch136.49 7.583 50.8688 23
batch136.151 7.233 50.812 18
batch136.180 10.593 49.13 18
batch136.194 8.611 50.3401 21
batch137.2 11.103 50.4986 21
batch137.30 9.207 50.0114 23
batch137.75 11.365 50.621 22
batch137.78 7.871 50.5584 21
batch137.91 11.680 50.3768 21
batch138.15 10.201 49.9329 24
batch138.18 7.447 49.5651 19
batch138.26 12.866 48.5694 23
batch138.80 7.957 50.631 24
batch138.128 10.163 49.7238 20
batch138.197 8.435 50.4592 23
batch139.33 10.351 50.5864 21
batch139.41 10.277 49.1952 24
batch139.93 11.321 51.7936 23
batch139.135 6.022 50.3992 21
batch14.32 11.102 47.7255 22
batch14.58 7.973 50.368 24
batch14.68 9.555 49.8679 24
batch14.111 10.374 50.8545 14
batch14.198 12.079 49.26 23
batch140.1 9.448 50.8757 21
batch140.23 7.839 51.9561 22
batch140.47 11.450 51.053 21
batch140.117 7.665 49.8922 21
batch141.5 10.856 50.934 24
batch141.12 9.752 48.5367 24
batch141.59 12.667 50.2153 24
batch141.80 12.114 51.4117 24
batch141.94 9.944 50.1697 20
batch141.140 10.836 50.4904 21
batch141.186 11.959 49.9327 22
batch142.21 8.212 50.9782 22
batch142.28 7.622 50.4658 24
batch142.66 7.353 50.4165 13
batch142.84 11.020 49.9238 20
batch142.119 7.841 50.689 22
batch142.137 9.248 51.2043 21
batch142.145 11.874 50.1769 22
batch142.146 7.776 51.4116 21
batch142.198 11.435 50.8906 20
batch143.42 8.266 49.7723 18
batch143.51 9.730 51.3018 24
batch143.187 10.505 50.1846 19
batch143.196 9.824 50.8103 16
batch144.18 10.044 51.7628 20
batch144.25 12.774 48.283 21
batch144.169 10.719 50.3147 17
batch144.183 10.313 50.2712 22
batch145.40 10.557 51.2543 24
batch145.49 11.587 50.008 23
batch145.50 11.047 51.174 23
batch145.56 11.669 50.4049 21
batch145.62 12.304 51.1156 23
batch145.80 10.669 50.7681 20
batch145.100 9.726 50.4035 18
batch145.103 11.126 50.4529 23
batch145.125 10.985 48.8746 24
batch145.128 11.458 50.6994 24
batch145.197 10.031 51.1859 24
batch146.58 10.997 49.1154 23
batch146.61 10.405 49.691 16
batch146.98 10.531 50.7515 23
batch146.127 10.584 49.1885 14
batch146.147 10.808 50.6724 19
batch146.176 8.592 48.2247 21
batch147.9 9.712 51.4713 22
batch147.110 10.721 48.949 21
batch147.118 11.728 49.3295 19
batch147.136 12.178 49.4957 23
batch147.184 10.437 50.9999 24
batch148.36 10.655 50.163 21
batch148.114 11.432 50.2612 23
batch148.155 12.101 49.9018 23
batch148.171 11.059 50.7309 21
batch148.174 10.123 49.4475 19
batch149.15 9.019 50.2095 20
batch149.34 5.814 50.4843 24
batch149.50 11.623 49.5895 23
batch149.67 12.416 50.8784 21
batch149.80 8.601 50.4457 18
batch149.142 10.228 49.953 21
batch149.144 6.951 51.3625 24
batch15.77 9.034 51.4348 23
batch15.102 8.784 50.1808 22
batch15.119 11.535 50.3901 23
batch15.140 10.745 50.6091 24
batch15.168 7.792 50.1753 22
batch15.181 9.678 50.3277 19
batch15.186 7.999 50.4129 21
batch150.7 11.984 49.4663 21
batch150.41 11.109 50.9724 23
batch150.49 9.876 49.5142 24
batch150.71 7.748 50.1501 24
batch150.91 8.962 49.9499 24
batch150.131 9.099 49.2529 18
batch151.44 11.063 50.6111 20
batch151.113 10.662 49.4411 23
batch151.119 8.648 50.6213 24
batch151.150 10.642 50.4764 22
batch152.36 10.981 50.7643 14
batch152.115 8.696 50.5821 21
batch152.192 8.910 50.7133 24
batch153.87 10.941 49.8884 20
batch153.119 9.937 49.4655 24
batch153.152 10.947 49.975 24
batch154.18 12.079 50.2696 23
batch154.73 10.277 49.4651 20
batch154.79 12.131 48.9635 19
batch154.116 12.093 50.6302 23
batch154.134 12.260 50.6108 24
batch154.155 12.047 49.2059 16
batch154.178 9.413 50.5311 19
batch155.27 8.415 50.7044 23
batch155.41 11.555 50.5879 20
batch155.125 10.997 49.1982 23
batch155.132 7.219 50.8085 24
batch155.160 8.705 50.3924 24
batch156.56 9.754 49.9242 23
batch156.61 10.845 50.4779 14
batch156.90 10.240 49.9374 22
batch156.121 11.359 49.7452 23
batch156.125 11.620 50.0362 23
batch156.150 10.001 50.8088 22
batch157.11 9.968 49.789 21
batch157.54 10.878 50.4082 23
batch157.96 11.289 49.0351 23
batch157.99 6.295 51.125 21
batch157.114 9.358 49.9449 22
batch158.30 9.536 49.7062 24
batch158.39 8.569 50.0595 21
batch158.157 10.569 48.7474 17
batch158.170 8.595 50.0531 22
batch159.1 9.079 50.1601 19
batch159.39 10.260 50.4562 22
batch159.92 10.597 51.4768 19
batch159.105 6.511 49.3381 24
batch16.9 10.342 50.2502 22
batch16.41 7.597 50.4089 23
batch16.100 7.972 50.7667 21
batch16.126 9.939 49.7423 23
batch16.184 11.454 49.2407 24
batch160.36 9.759 50.8713 24
batch160.76 11.864 51.0617 18
batch160.97 8.410 50.0577 15
batch160.140 10.658 50.8673 21
batch160.175 12.458 49.9238 22
batch160.187 8.799 51.0477 23
batch160.199 8.296 49.1435 23
batch161.64 11.412 50.4537 23
batch161.75 9.286 48.1975 22
batch161.83 10.969 49.626 24
batch161.115 10.661 48.6922 23
batch161.139 11.247 49.1301 19
batch161.158 11.125 49.863 18
batch161.165 7.645 52.3824 24
batch161.168 11.985 51.3169 20
batch162.17 8.697 49.7425 23
batch162.21 11.911 50.8036 18
batch162.96 11.803 50.5751 17
batch162.114 10.875 49.7296 23
batch162.136 11.704 50.2069 19
batch162.141 10.909 50.0804 23
batch162.184 8.225 50.905 24
batch163.19 8.325 48.5068 22
batch163.49 11.164 50.0086 17
batch163.92 10.922 49.9801 19
batch163.129 9.150 49.2681 19
batch163.160 10.628 50.7319 20
batch164.93 7.591 49.088 24
batch164.120 10.867 51.0001 23
batch165.1 10.333 50.5717 24
batch165.31 9.023 50.3201 18
batch165.113 10.655 50.4047 21
batch165.129 11.074 50.3748 19
batch165.136 10.696 49.256 23
batch166.70 8.550 50.5648 23
batch166.112 8.795 49.6554 23
batch166.114 12.438 50.5056 19
batch166.126 11.032 49.2289 21
batch166.149 11.529 49.3134 24
batch166.197 10.792 50.9552 24
batch167.15 10.118 50.2136 18
batch167.43 9.815 51.4442 16
batch167.58 8.914 51.3484 21
batch167.74 12.204 50.0924 23
batch167.78 11.056 48.72 22
batch167.100 10.985 50.4637 18
batch167.112 9.342 49.8503 23
batch168.12 9.967 49.4392 23
batch168.27 9.544 49.6417 20
batch168.30 12.621 48.2921 24
batch168.163 11.164 50.5636 21
batch168.166 11.307 50.0568 24
batch169.12 9.687 49.3182 24
batch169.20 9.646 50.8593 21
batch169.53 11.431 50.4276 19
batch169.65 10.914 50.055 19
batch169.127 12.701 49.893 21
batch169.133 10.116 50.7313 13
batch169.147 9.658 51.0644 24
batch169.159 8.490 49.6645 21
batch169.177 9.649 49.0764 22
batch17.23 10.154 50.9189 23
batch17.49 9.740 51.1695 22
batch17.83 7.990 50.2562 22
batch17.163 12.227 49.0284 23
batch170.33 11.005 50.3515 22
batch170.79 7.983 48.9897 23
batch170.118 11.594 51.2076 19
batch170.120 8.724 51.4405 22
batch170.121 11.620 51.181 22
batch170.199 9.498 51.3876 21
batch171.16 11.484 49.1588 23
batch171.65 8.092 50.8185 19
batch171.68 12.463 49.4825 22
batch171.110 9.348 50.5803 23
batch171.132 10.033 49.9215 17
batch172.40 10.567 50.9836 23
batch172.77 12.731 48.7216 22
batch172.81 9.908 49.4237 22
batch172.150 12.378 50.4013 24
batch172.185 11.062 49.4965 22
batch172.189 12.760 50.015 23
batch173.58 12.816 49.89 20
batch173.68 11.483 51.0329 18
batch173.71 9.414 49.9833 22
batch173.111 11.749 50.44 13
batch173.115 8.848 50.0217 22
batch174.14 11.884 50.4831 22
batch174.54 9.715 49.7479 22
batch174.55 6.786 49.6746 23
batch174.126 9.197 50.0865 23
batch174.149 7.752 50.2332 20
batch174.168 12.346 50.6252 24
batch174.177 10.055 49.4927 23
batch175.72 11.411 49.239 19
batch175.121 11.498 49.4607 24
batch175.176 12.306 50.0794 16
batch176.3 10.270 48.147 20
batch176.12 9.279 50.39 22
batch176.34 10.554 50.71 21
batch176.66 10.264 50.342 18
batch176.109 7.692 49.946 22
batch176.112 7.530 50.0285 21
batch176.132 11.351 51.2161 23
batch176.147 11.904 48.9714 21
batch176.197 8.140 50.4322 24
batch177.18 13.118 49.8915 23
batch177.49 8.757 49.3458 23
batch177.56 8.514 49.0677 22
batch177.80 8.459 50.4612 19
batch177.105 8.659 50.5049 24
batch177.132 8.570 49.3691 23
batch177.133 10.542 49.9522 23
batch177.162 9.485 49.7527 22
batch177.166 12.290 50.7145 18
batch178.5 13.024 50.3817 20
batch178.64 8.962 48.4756 23
batch178.68 11.557 50.9547 19
batch178.83 10.607 50.5127 23
batch178.104 12.110 50.5605 18
batch178.128 8.775 50.6847 22
batch178.146 11.056 51.1259 22
batch178.148 10.831 49.6176 24
batch178.182 12.227 49.3946 21
batch179.23 8.098 50.4258 24
batch179.54 13.205 50.6453 23
batch179.77 9.393 51.9403 24
batch179.130 9.693 49.6989 23
batch179.133 8.653 49.5356 23
batch179.137 9.822 50.7205 24
batch179.173 8.959 50.2904 17
batch18.16 11.247 49.3968 18
batch18.32 11.896 47.5944 20
batch18.67 9.216 51.1518 15
batch180.33 10.315 49.8751 24
batch180.62 12.211 50.9068 14
batch180.83 11.626 51.1074 16
batch180.94 10.016 49.7857 20
batch180.157 9.708 49.8807 20
batch180.181 10.358 49.1539 15
batch180.188 11.196 49.4864 20
batch181.30 8.168 50.7463 23
batch181.77 10.673 50.6118 24
batch181.164 10.218 49.3697 23
batch182.23 10.291 50.457 24
batch182.69 6.648 51.8235 17
batch182.76 12.159 50.0762 23
batch182.107 7.319 50.4513 18
batch182.168 10.800 49.1766 15
batch182.185 12.823 51.4824 20
batch183.15 11.723 50.5704 24
batch183.70 10.040 50.2859 24
batch183.122 7.218 51.3573 20
batch183.127 8.808 51.3863 24
batch183.168 12.283 50.0116 15
batch183.185 9.844 49.6344 19
batch183.189 11.323 49.9871 24
batch184.7 11.810 49.8054 23
batch184.15 8.264 50.6324 20
batch184.31 12.196 50.0095 15
batch184.45 10.637 49.0686 23
batch184.50 7.721 49.5737 23
batch184.72 9.512 50.7308 17
batch184.79 10.608 49.7541 24
batch184.118 10.610 49.9408 24
batch184.135 9.633 50.6093 15
batch184.144 9.175 49.7319 22
batch184.152 11.438 49.9637 22
batch184.177 8.822 50.6012 22
batch184.187 6.698 51.1807 24
batch185.32 11.440 51.0326 16
batch185.121 8.768 52.0878 24
batch186.35 8.630 49.4523 18
batch186.97 8.474 50.2841 16
batch187.80 10.470 50.0621 11
batch187.168 10.812 51.2633 23
batch187.184 7.532 50.5007 23
batch188.1 10.446 49.9351 24
batch188.2 9.967 50.7496 22
batch188.121 9.856 50.6719 22
batch188.125 11.596 48.6422 21
batch188.156 8.518 49.4217 20
batch188.165 11.180 48.281 18
batch188.170 6.903 51.6799 22
batch189.70 10.457 50.1425 23
batch189.108 11.261 47.1401 24
batch189.112 10.841 49.7253 22
batch189.161 8.588 49.8768 21
batch19.58 9.807 50.8766 24
batch19.69 12.141 50.0097 22
batch19.90 9.444 49.5842 24
batch19.117 7.537 50.914 21
batch19.123 9.714 51.2353 11
batch19.175 10.570 48.7215 23
batch19.179 9.150 50.4671 22
batch19.186 12.737 50.8103 24
batch190.88 9.247 49.0937 21
batch190.106 13.258 49.3412 24
batch190.120 12.210 51.1727 21
batch190.141 9.383 48.9692 19
batch190.159 10.702 49.8138 20
batch190.164 11.109 50.1002 23
batch190.200 8.385 50.5809 23
batch191.46 6.801 50.0385 23
batch191.50 9.996 49.28 21
batch191.60 11.425 48.7206 24
batch191.111 9.608 49.4378 16
batch191.115 10.538 49.7608 14
batch191.126 11.655 50.9316 16
batch191.133 9.909 50.4778 24
batch191.148 7.988 49.3357 15
batch191.175 10.526 50.8106 24
batch192.6 11.772 49.786 16
batch192.15 9.655 48.9906 22
batch192.38 9.633 50.1791 24
batch192.47 10.443 50.3915 23
batch192.53 7.821 49.189 19
batch192.75 12.547 50.1719 19
batch192.90 10.764 49.8893 14
batch192.110 10.995 50.751 16
batch192.130 8.096 49.7509 22
batch192.138 10.437 50.4768 17
batch192.164 12.303 49.0813 23
batch192.194 10.648 48.557 21
batch193.5 8.952 49.3197 22
batch193.22 9.744 49.9971 18
batch193.104 8.452 50.1904 19
batch193.145 11.332 50.7751 21
batch193.152 10.634 50.0413 19
batch193.191 11.940 50.0303 23
batch194.4 12.985 50.7629 22
batch194.32 10.065 50.0241 21
batch194.39 10.430 49.8535 22
batch194.133 10.711 49.9688 23
batch194.144 13.625 49.5743 24
batch195.1 7.848 50.935 24
batch195.5 12.169 49.3826 23
batch195.33 10.030 50.223 19
batch195.80 12.016 50.0508 23
batch195.92 10.554 50.49 21
batch195.95 7.444 49.8411 24
batch195.105 8.383 51.3179 23
batch195.115 10.985 51.0406 21
batch195.142 10.906 49.6076 24
batch196.56 11.608 50.7516 22
batch196.59 9.345 49.9733 24
batch196.63 10.659 49.8723 22
batch196.145 8.397 49.8955 21
batch196.147 12.490 50.0073 23
batch196.157 9.354 49.3969 20
batch196.158 11.401 49.7893 24
batch196.170 11.516 49.3674 22
batch196.179 11.664 50.4635 20
batch196.193 8.987 49.7449 22
batch197.30 11.725 49.6469 24
batch197.52 11.250 51.2686 20
batch197.65 9.639 50.1558 24
batch197.111 12.095 50.4611 24
batch197.147 9.905 50.323 21
batch198.17 12.261 49.1986 15
batch198.113 11.606 50.1154 23
batch198.125 10.399 50.662 23
batch199.4 11.702 50.2007 24
batch199.6 11.665 50.5529 20
batch199.19 8.293 49.6932 18
batch199.24 10.248 49.6017 22
batch199.103 8.840 49.8623 20
batch199.117 9.634 49.3786 20
batch199.151 10.993 48.3543 17
batch2.13 11.626 49.6983 18
batch2.111 11.630 50.9701 20
batch2.143 11.973 48.8414 23
batch2.167 6.356 50.6329 24
batch2.176 11.749 49.7193 22
batch20.40 9.340 49.4955 24
batch20.83 11.879 50.4326 18
batch20.114 7.385 50.4793 18
batch20.128 11.661 49.2387 23
batch20.173 12.819 50.7321 24
batch20.186 12.243 48.5085 24
batch20.201 9.848 51.6178 22
batch21.20 8.063 50.4169 20
batch21.69 10.021 50.5747 23
batch21.92 9.895 49.6489 23
batch21.168 9.515 50.6569 23
batch22.7 11.146 49.71 18
batch22.28 8.904 50.641 19
batch22.74 11.211 49.9938 12
batch22.102 7.655 50.2357 16
batch22.196 10.016 49.7803 24
batch23.10 8.060 50.8333 20
batch23.132 9.217 48.9743 16
batch23.147 6.805 50.5088 21
batch24.116 12.325 50.3516 23
batch24.124 9.733 49.9155 23
batch24.137 7.629 52.4402 21
batch24.168 12.124 49.6368 14
batch24.170 8.891 50.3219 24
batch24.186 10.503 49.2108 24
batch24.192 10.881 50.3482 19
batch25.49 9.374 49.065 21
batch26.32 11.597 48.671 20
batch26.68 10.866 50.1503 23
batch26.104 7.885 50.6066 23
batch26.158 12.326 50.1951 17
batch27.121 10.026 49.6197 20
batch27.132 12.008 50.4613 20
batch27.145 10.800 49.9252 19
batch27.184 9.053 49.6465 21
batch28.14 11.060 49.1193 19
batch28.46 11.235 49.4634 18
batch28.94 7.929 51.1104 23
batch28.136 10.780 50.158 22
batch28.142 6.965 51.5542 22
batch28.168 10.802 49.501 16
batch29.9 11.277 50.2938 22
batch29.52 8.437 50.0556 21
batch29.54 9.501 50.9668 20
batch29.61 12.017 49.5375 24
batch29.141 8.677 50.1065 24
batch29.152 10.734 49.5181 23
batch29.201 10.412 48.9395 24
batch3.135 10.064 50.3486 21
batch30.23 11.809 49.6379 22
batch30.168 11.167 49.6338 21
batch30.192 10.453 50.8903 18
batch31.27 9.440 50.1043 22
batch31.114 10.364 49.8659 23
batch31.120 11.510 51.431 24
batch31.147 12.013 49.4665 24
batch31.168 11.633 50.1907 24
batch32.28 9.417 49.7821 21
batch32.105 11.895 50.4057 23
batch33.134 7.442 51.1314 19
batch33.199 8.597 52.5016 24
batch34.11 9.825 49.7433 18
batch34.16 11.745 50.0925 24
batch34.18 10.653 49.6217 21
batch34.55 10.529 49.9121 22
batch34.124 10.321 51.5978 23
batch34.144 7.588 49.3521 24
batch34.159 8.711 50.3968 20
batch34.201 9.794 50.9218 23
batch35.16 11.873 49.3785 18
batch35.40 9.952 49.6092 21
batch35.108 8.675 50.6174 20
batch35.110 12.010 51.2827 20
batch35.117 10.381 50.5327 22
batch36.187 9.386 49.9658 24
batch37.5 10.545 49.6457 24
batch37.17 11.123 51.2086 22
batch37.29 10.114 48.892 23
batch37.76 11.954 50.1265 17
batch37.140 12.045 48.5508 17
batch37.181 7.315 50.7194 20
batch38.113 13.279 50.3766 23
batch39.6 8.837 51.3334 22
batch39.8 11.063 48.5512 16
batch39.20 8.652 49.598 23
batch39.122 11.726 49.2839 24
batch39.125 12.237 48.8639 21
batch39.132 10.621 49.9266 20
batch4.1 9.869 48.6925 23
batch4.6 9.607 49.9875 22
batch4.10 7.151 50.2351 24
batch4.73 10.727 49.9046 23
batch4.101 9.370 49.485 22
batch4.109 12.107 49.5814 24
batch4.147 12.390 49.1604 23
batch4.156 7.518 50.6586 23
batch40.18 8.999 50.9868 18
batch40.51 11.360 49.2166 23
batch40.52 11.566 48.9532 18
batch40.71 9.272 50.3985 16
batch40.100 7.914 50.8586 22
batch41.22 7.800 50.8411 24
batch41.91 11.522 50.1909 22
batch41.155 9.712 50.3952 16
batch42.26 9.627 50.7791 15
batch42.48 10.644 50.3367 22
batch42.58 9.755 49.9722 15
batch42.70 9.581 50.2977 15
batch42.105 12.420 50.2611 24
batch42.114 7.900 49.256 19
batch42.125 7.685 49.9954 23
batch43.1 11.181 50.2066 24
batch43.43 10.212 50.2959 23
batch43.82 13.146 49.5435 20
batch43.88 10.273 50.2321 23
batch43.101 8.961 50.2139 23
batch43.109 11.014 50.9505 23
batch43.118 9.918 50.3109 23
batch43.147 8.386 51.1575 22
batch44.5 11.703 50.3307 20
batch44.18 9.902 50.3054 21
batch44.195 9.767 51.1613 23
batch45.4 11.520 49.0981 24
batch45.30 10.495 50.8215 23
batch45.96 11.280 48.6087 24
batch45.149 13.706 50.8953 23
batch45.186 11.189 49.4938 15
batch45.190 8.803 50.2806 24
batch46.6 7.157 51.0839 23
batch46.101 8.906 50.3081 24
batch46.123 9.349 50.3373 23
batch46.145 11.810 50.8503 22
batch47.6 8.878 48.7265 22
batch47.35 12.212 51.2635 13
batch47.47 10.197 50.4113 23
batch47.91 10.857 50.5849 18
batch47.149 8.094 49.5838 24
batch47.164 7.157 49.6721 21
batch48.68 7.277 49.9306 12
batch48.81 11.589 50.0461 20
batch48.82 7.784 50.6361 20
batch48.185 8.499 50.7326 23
batch48.187 10.267 51.0566 21
batch49.14 11.108 50.4501 21
batch49.108 12.254 51.003 23
batch49.124 10.641 50.8458 18
batch49.152 12.628 51.1363 24
batch5.36 12.366 49.9439 24
batch5.68 11.585 50.4745 21
batch5.116 7.783 51.4608 17
batch5.120 7.767 50.2556 24
batch5.136 11.587 49.5492 20
batch5.142 11.914 47.8707 19
batch5.179 7.035 50.1913 19
batch5.187 9.958 50.7972 24
batch50.52 12.851 51.02 24
batch50.64 11.075 50.4851 18
batch50.181 9.772 49.0685 20
batch51.15 6.804 50.9984 24
batch51.53 12.403 50.9479 18
batch51.120 12.724 49.9311 22
batch52.26 9.252 50.7248 19
batch52.30 12.106 50.8432 20
batch52.161 9.454 50.9413 24
batch52.196 7.186 50.5232 21
batch52.200 10.259 49.6821 24
batch52.202 9.690 51.0007 19
batch53.39 11.531 50.3727 24
batch53.117 9.133 50.493 22
batch53.133 8.017 51.7718 24
batch53.166 11.065 51.4859 21
batch54.3 11.205 51.3218 23
batch54.36 7.693 50.2242 23
batch54.38 11.098 50.4208 18
batch54.97 8.098 50.8252 21
batch54.136 7.724 50.3322 23
batch54.165 11.799 50.7622 21
batch55.48 8.855 49.6454 24
batch55.49 11.868 48.6829 22
batch55.52 8.220 50.5601 23
batch55.74 6.668 48.3555 15
batch55.101 10.715 50.4989 20
batch55.109 12.445 51.1056 23
batch55.187 12.916 49.1017 21
batch56.3 9.197 51.4829 24
batch56.12 12.215 50.9718 18
batch56.26 11.792 49.8661 23
batch56.41 10.837 49.5917 17
batch56.58 9.202 48.1372 20
batch56.62 11.202 50.3016 22
batch56.134 11.599 49.4543 23
batch56.136 8.479 50.4113 22
batch56.193 11.743 49.7285 23
batch57.55 9.651 50.5802 19
batch57.78 9.852 50.0791 24
batch58.34 13.071 51.2606 23
batch58.168 9.465 51.9255 18
batch58.175 8.308 50.5758 24
batch59.5 11.075 50.6297 18
batch59.133 8.009 50.3987 22
batch59.161 10.208 50.1389 22
batch59.165 9.405 50.0346 24
batch6.28 10.379 50.7716 22
batch6.64 12.024 48.9573 21
batch6.95 8.185 49.522 19
batch60.4 10.951 49.0249 23
batch60.32 8.171 50.5914 24
batch60.45 10.274 49.7289 24
batch60.112 11.431 50.6371 22
batch60.114 12.481 49.9178 18
batch60.120 11.224 51.5481 22
batch61.40 11.066 50.3845 21
batch61.186 12.040 49.5398 20
batch62.30 10.798 49.7287 21
batch62.144 10.958 50.6241 21
batch62.165 10.766 50.0429 19
batch62.173 11.814 49.6393 23
batch63.82 9.263 49.5189 22
batch64.35 8.916 50.3268 20
batch64.76 9.921 49.0527 22
batch64.145 10.377 50.1572 23
batch64.177 10.515 50.3053 19
batch64.186 11.420 51.1365 13
batch65.16 10.074 49.9836 22
batch65.23 12.007 49.751 24
batch65.27 11.100 50.5953 16
batch65.89 11.862 51.2138 21
batch65.187 12.249 51.1075 24
batch66.1 11.841 47.8789 23
batch66.48 11.669 50.0636 21
batch66.72 9.344 49.227 23
batch66.107 11.417 51.1803 24
batch66.150 11.114 49.9482 24
batch66.167 11.782 50.3474 15
batch66.189 8.345 50.1474 22
batch66.190 9.459 51.0227 24
batch67.66 9.229 51.8478 23
batch67.112 11.881 50.0448 21
batch67.120 9.518 49.9874 22
batch67.150 7.549 48.7645 18
batch67.171 10.341 50.9086 24
batch67.190 10.752 50.4074 22
batch68.79 12.765 49.7366 21
batch68.82 8.938 51.4658 22
batch68.92 10.473 49.128 21
batch68.116 9.701 47.9279 21
batch68.136 10.202 50.4409 22
batch69.5 9.157 49.4442 24
batch69.28 11.029 50.5961 17
batch69.48 8.475 50.5662 23
batch69.71 12.332 49.2618 23
batch69.185 8.803 50.8553 21
batch7.29 10.618 50.6574 22
batch7.41 9.055 50.6868 19
batch7.47 9.737 50.0448 22
batch7.117 11.517 50.9415 21
batch7.151 8.054 50.9278 21
batch7.169 9.603 50.2336 21
batch7.187 10.276 50.0849 24
batch70.48 8.120 50.231 20
batch70.55 10.189 50.7371 22
batch70.68 7.754 50.3107 24
batch70.86 13.664 50.8842 24
batch70.116 8.618 51.2244 22
batch70.147 10.923 50.832 17
batch70.193 10.175 50.4463 19
batch71.9 9.898 49.9664 16
batch71.27 11.205 49.495 24
batch71.30 11.351 50.0144 24
batch71.39 11.233 51.2072 24
batch71.70 12.235 48.1619 24
batch71.91 10.881 49.8405 22
batch71.94 9.344 51.6702 24
batch71.137 13.067 50.3913 24
batch71.139 11.841 50.1411 20
batch71.159 9.766 49.714 24
batch71.165 11.818 50.4367 24
batch71.183 10.393 50.7914 16
batch72.30 9.683 51.3856 22
batch72.60 9.137 50.3532 16
batch72.91 9.046 50.2999 23
batch72.174 10.256 51.0991 18
batch72.175 10.414 48.4607 24
batch73.6 12.376 49.6597 22
batch73.63 10.588 50.8788 23
batch73.92 11.263 50.1378 24
batch73.116 10.808 49.8694 23
batch73.129 11.934 49.1298 22
batch73.171 11.109 50.58 20
batch73.179 10.410 49.8182 9
batch73.198 10.068 50.4539 21
batch74.9 9.370 48.8237 18
batch74.40 10.755 50.1234 19
batch74.77 11.638 50.5935 19
batch75.27 8.869 50.281 17
batch75.64 11.797 48.8413 24
batch75.66 11.941 49.0961 16
batch75.69 12.291 49.3679 24
batch75.105 9.229 48.7316 17
batch75.135 11.957 50.3808 21
batch75.161 13.112 50.4494 24
batch75.176 8.263 50.198 24
batch76.17 10.404 49.2298 24
batch76.29 8.442 49.3237 20
batch76.37 9.383 50.3074 15
batch76.92 10.548 50.4063 24
batch76.155 11.267 50.0645 22
batch76.173 12.213 49.6204 23
batch77.39 9.705 50.8633 18
batch77.41 11.913 48.5683 20
batch77.111 12.598 48.6517 24
batch78.112 8.420 49.9966 23
batch78.134 13.300 49.7868 18
batch78.140 8.819 50.0173 21
batch78.176 8.249 50.9694 22
batch79.6 11.756 50.5756 24
batch79.13 11.058 50.3826 24
batch79.64 10.922 49.5413 17
batch79.118 10.482 50.816 24
batch79.140 11.186 49.6741 24
batch79.153 10.237 50.8286 24
batch79.159 11.113 50.0127 14
batch79.171 11.416 50.6037 21
batch79.181 9.754 49.664 21
batch79.184 11.562 48.9327 14
batch79.196 12.136 49.4927 19
batch8.136 12.345 49.1634 24
batch8.159 11.716 48.3204 23
batch8.163 11.527 50.161 24
batch80.55 9.797 50.5939 23
batch80.86 7.843 50.5418 18
batch80.149 12.836 49.01 24
batch80.155 11.124 50.8031 20
batch80.163 8.478 50.5739 24
batch80.181 11.281 49.8778 22
batch80.182 11.011 48.3347 24
batch81.20 9.627 50.4079 20
batch81.174 12.652 49.7497 24
batch82.6 8.013 50.3463 24
batch82.69 8.602 51.0407 24
batch82.90 13.112 49.8242 24
batch82.91 9.473 48.0244 22
batch82.119 12.617 50.7361 23
batch82.129 6.541 51.7074 20
batch82.130 11.505 50.6972 20
batch82.139 8.744 50.622 16
batch82.161 13.310 49.9988 15
batch82.182 10.536 49.1931 24
batch82.186 11.768 51.15 17
batch82.201 6.167 50.1388 23
batch83.38 9.452 50.8197 23
batch83.39 7.768 50.4125 21
batch83.60 8.317 49.6609 22
batch83.76 11.136 50.4892 24
batch83.100 11.685 50.0566 24
batch83.145 10.047 49.3023 23
batch83.152 8.029 50.5288 22
batch83.164 11.323 49.4723 21
batch83.173 10.789 50.0999 21
batch83.190 11.125 50.0156 24
batch84.38 10.492 50.5642 23
batch84.43 8.112 48.9575 19
batch84.93 9.682 47.6625 24
batch84.94 8.048 50.2819 23
batch84.99 11.056 50.4493 23
batch84.117 8.104 51.1429 23
batch84.121 8.748 51.9011 22
batch84.157 11.773 49.7779 21
batch85.38 9.534 50.128 16
batch85.70 11.374 51.1265 20
batch85.132 8.821 49.123 21
batch85.165 11.093 51.2979 24
batch86.32 12.000 50.5514 21
batch86.36 9.446 48.7544 21
batch86.72 11.762 49.8271 24
batch86.147 8.328 48.6482 24
batch86.198 10.713 50.4401 19
batch87.1 10.060 48.9983 12
batch87.17 9.851 49.2955 23
batch87.27 11.870 49.1057 23
batch87.36 11.659 46.766 16
batch87.37 10.822 49.7177 24
batch87.53 10.703 49.7356 24
batch87.68 11.238 50.7649 18
batch87.111 8.906 50.5246 23
batch87.112 12.096 49.2416 24
batch87.159 11.080 47.5603 22
batch87.161 8.805 49.0794 24
batch87.188 12.372 49.1423 23
batch88.52 10.968 50.3405 24
batch88.55 9.369 50.994 24
batch88.60 9.858 50.2989 20
batch88.68 11.778 51.2271 23
batch88.72 10.856 50.0582 18
batch88.86 11.798 49.9222 24
batch88.97 11.046 50.1965 23
batch88.105 7.561 49.2055 17
batch88.114 10.866 49.8518 19
batch88.168 11.877 48.7053 17
batch89.44 10.737 49.7108 20
batch89.55 8.509 50.5219 22
batch89.61 9.594 49.6903 21
batch89.80 11.932 48.8945 17
batch89.137 8.965 50.9446 23
batch89.138 9.719 50.6154 24
batch89.152 11.708 49.5189 21
batch89.153 11.851 49.5567 19
batch89.182 11.618 50.2329 24
batch89.191 9.029 51.2279 24
batch89.196 11.322 50.0047 19
batch9.4 7.875 50.9203 23
batch9.68 10.916 49.5545 22
batch9.99 11.261 48.516 20
batch9.117 10.011 49.881 18
batch9.127 12.612 49.5542 19
batch9.134 11.283 50.6945 23
batch9.170 8.797 50.421 24
batch90.46 10.816 50.2291 23
batch90.113 11.136 50.689 15
batch90.165 11.035 48.817 24
batch90.176 11.866 49.4793 22
batch90.179 10.092 49.9453 23
batch90.189 9.026 50.6852 22
batch91.12 10.021 48.8841 21
batch91.15 12.148 51.4018 16
batch91.30 12.285 51.105 21
batch91.37 8.502 48.6455 24
batch91.47 12.620 50.0331 21
batch91.134 10.403 51.109 22
batch91.150 10.194 49.9035 21
batch91.157 11.312 50.1168 24
batch92.7 12.551 49.9533 22
batch92.54 10.533 48.7023 24
batch92.97 10.116 50.6563 16
batch92.110 8.565 49.626 24
batch92.128 9.019 50.2905 22
batch92.153 7.889 50.6584 24
batch92.156 11.532 49.8498 18
batch93.7 10.861 49.5598 21
batch93.55 8.627 49.5349 23
batch93.101 8.790 49.8456 21
batch93.121 10.376 50.0175 21
batch93.135 10.610 48.6913 22
batch93.163 9.109 49.5427 15
batch93.168 7.678 50.9802 24
batch93.199 8.097 49.1095 13
batch94.8 7.758 50.0449 23
batch94.17 13.071 49.0925 21
batch94.95 11.470 49.0586 23
batch94.110 11.212 49.1281 22
batch94.156 12.881 51.318 24
batch95.4 9.466 50.531 19
batch95.54 9.322 50.4828 19
batch95.69 12.181 50.9955 21
batch95.169 12.625 49.6905 21
batch96.14 9.354 50.6233 24
batch96.53 9.269 49.4242 20
batch96.154 7.262 51.0684 24
batch96.165 12.770 48.5322 16
batch97.25 8.570 49.7959 24
batch97.31 11.810 50.0429 23
batch98.32 13.066 49.9432 24
batch98.45 7.909 50.887 18
batch98.169 10.709 50.0344 18
batch98.173 12.060 49.9424 16
batch98.193 12.478 48.8259 21
batch99.10 9.449 51.1311 19
batch99.53 11.133 50.5808 18
batch99.102 9.695 49.9235 23
batch99.156 12.385 50.1675 21
