342 11.736 58.5459 5 228.508
572 8.535 58.3324 5 226.845
684 13.186 58.9912 6 217.498
22 9.456 56.9082 5 215.903
27 12.028 56.6005 5 213.574
103 8.027 58.0979 6 210.96
796 9.132 54.1514 4 209.455
421 10.949 55.6267 5 206.289
170 9.862 55.5281 5 205.558
615 8.585 56.8548 6 202.029
629 9.173 58.2816 7 199.809
106 9.981 56.4789 6 199.367
975 11.882 58.1695 7 199.041
158 10.063 55.702 6 193.92
238 11.775 57.4049 7 193.843
225 8.709 58.7751 8 191.917
386 10.673 58.5414 8 190.394
861 10.632 56.8035 7 189.802
292 12.817 56.7657 7 189.55
202 9.765 56.6884 7 189.034
863 8.811 56.6225 7 188.595
786 7.679 58.2631 8 188.588
329 8.999 58.1767 8 188.029
338 7.184 58.0616 8 187.286
11 9.080 54.6221 6 186.473
722 9.080 56.1492 7 185.455
849 9.184 57.6818 8 184.844
317 9.960 56.0451 7 184.768
866 12.380 56.0146 7 184.567
760 10.525 59.1294 9 184.015
477 7.949 57.4024 8 183.058
948 8.345 57.3507 8 182.728
757 12.482 58.8425 9 182.234
237 10.751 57.0978 8 181.12
49 12.023 57.0806 8 181.011
237 9.946 57.0804 8 181.01
795 7.503 56.8062 8 179.275
511 8.633 58.3562 9 179.234
26 8.215 56.7595 8 178.98
759 10.473 56.744 8 178.882
180 8.568 56.7414 8 178.866
43 9.765 56.7008 8 178.61
908 12.315 56.6502 8 178.291
618 11.001 56.6366 8 178.206
323 11.732 58.0048 9 177.082
49 8.733 54.7096 7 176.067
701 9.134 57.6282 9 174.79
135 6.337 57.6124 9 174.694
48 7.924 56.0107 8 174.289
166 12.376 59.0199 10 174.167
2 7.682 55.9775 8 174.082
377 11.082 55.8512 8 173.298
508 9.364 60.2912 11 173.097
907 11.998 55.8022 8 172.994
588 12.851 58.8149 10 172.96
863 8.665 57.3201 9 172.926
595 8.644 57.2826 9 172.7
136 9.349 58.7644 10 172.663
926 8.337 58.7339 10 172.484
554 11.496 58.7242 10 172.427
635 8.904 55.6167 8 171.845
703 8.675 60.0713 11 171.836
272 9.651 55.5726 8 171.573
716 9.533 53.9985 7 171.52
987 13.053 55.5251 8 171.28
864 8.418 55.5226 8 171.264
928 12.011 57.0402 9 171.241
514 11.320 57.0138 9 171.083
360 8.518 56.8894 9 170.337
507 8.333 58.3542 10 170.261
73 7.885 56.783 9 169.7
797 12.695 58.2486 10 169.645
166 12.887 59.6607 11 169.495
949 10.944 58.2185 10 169.47
368 10.807 58.1965 10 169.342
844 10.373 58.1755 10 169.219
729 12.820 55.1882 8 169.208
651 12.617 56.6858 9 169.12
14 9.143 58.1536 10 169.092
814 12.243 55.1324 8 168.866
8 7.955 56.5636 9 168.392
338 7.973 56.5516 9 168.32
365 10.973 58.0141 10 168.282
698 8.275 57.9957 10 168.175
770 8.415 57.9831 10 168.102
34 11.416 57.9673 10 168.01
970 11.365 57.8974 10 167.605
859 9.147 57.8792 10 167.5
654 12.790 57.8526 10 167.346
331 8.914 57.8475 10 167.317
137 11.922 57.7649 10 166.839
597 10.904 56.2875 9 166.752
792 11.633 54.7151 8 166.319
483 9.859 57.6743 10 166.316
183 10.801 54.71 8 166.288
896 8.521 57.6604 10 166.236
676 12.264 57.6491 10 166.171
712 8.341 59.0628 11 166.115
304 9.332 59.051 11 166.049
69 12.497 57.5797 10 165.771
4 12.688 58.9706 11 165.597
585 12.861 60.3191 12 165.382
14 8.223 57.5083 10 165.36
734 12.304 56.0439 9 165.312
58 7.679 56.0272 9 165.213
513 9.801 57.4396 10 164.965
625 8.265 58.8406 11 164.867
323 11.892 57.422 10 164.864
292 7.568 57.3932 10 164.699
118 9.706 58.8016 11 164.649
413 9.513 60.1062 12 164.216
970 7.932 58.6465 11 163.782
401 10.267 58.6383 11 163.736
772 8.782 60.0169 12 163.729
989 8.240 55.7591 9 163.636
997 8.167 58.6122 11 163.59
327 7.596 57.1994 10 163.589
343 9.768 58.6073 11 163.563
974 10.763 57.1161 10 163.112
604 10.740 58.5187 11 163.068
546 8.940 58.4536 11 162.706
303 12.844 57.0399 10 162.678
665 8.036 59.8134 12 162.62
388 11.591 58.3166 11 161.944
80 8.633 55.4442 9 161.793
110 11.140 58.2728 11 161.701
216 10.868 53.9422 8 161.653
712 8.270 56.8449 10 161.567
466 9.656 58.2391 11 161.514
896 9.065 58.1842 11 161.21
776 7.839 56.7786 10 161.19
915 8.500 56.729 10 160.909
968 8.661 58.1198 11 160.853
679 8.633 58.118 11 160.843
642 8.514 58.1179 11 160.842
413 11.188 58.0984 11 160.734
5 7.789 57.9975 11 160.177
43 8.763 55.1513 9 160.088
668 8.352 60.627 13 159.81
336 7.403 57.8839 11 159.55
64 11.246 56.4772 10 159.484
328 13.034 56.4471 10 159.314
768 8.720 60.5284 13 159.291
386 8.649 59.1785 12 159.186
753 9.816 59.1186 12 158.864
552 10.552 54.8839 9 158.539
116 9.408 57.6656 11 158.349
687 9.005 57.6607 11 158.322
209 8.743 56.2592 10 158.255
730 11.477 58.971 12 158.072
656 11.809 58.9687 12 158.059
238 11.305 58.9538 12 157.98
832 7.167 56.2097 10 157.977
99 9.556 56.2066 10 157.959
376 8.530 58.9473 12 157.945
200 9.266 57.5812 11 157.885
694 13.260 57.5708 11 157.828
217 7.517 58.8734 12 157.549
730 11.703 57.5144 11 157.519
301 12.547 56.1265 10 157.509
705 9.732 57.4851 11 157.359
412 10.149 57.483 11 157.347
831 9.222 57.481 11 157.336
733 8.128 58.822 12 157.274
990 11.467 58.7962 12 157.136
972 11.785 58.7953 12 157.131
70 8.400 60.0977 13 157.032
849 7.210 55.9953 10 156.774
82 9.391 57.3671 11 156.714
748 11.133 55.9737 10 156.653
33 9.442 58.6928 12 156.584
612 8.408 57.3253 11 156.485
953 8.116 57.3076 11 156.389
711 12.047 57.3065 11 156.383
556 11.683 58.6464 12 156.336
799 9.752 57.2906 11 156.296
696 10.919 58.6316 12 156.257
45 9.911 57.2446 11 156.045
19 13.441 57.235 11 155.993
592 10.866 58.5794 12 155.979
923 8.822 58.5655 12 155.905
980 12.614 58.5189 12 155.657
435 12.122 57.1707 11 155.642
689 11.882 58.4732 12 155.414
44 8.411 57.1127 11 155.327
693 10.789 58.4519 12 155.301
16 11.747 58.4464 12 155.272
458 7.329 57.0706 11 155.098
402 10.029 58.3901 12 154.973
921 12.699 58.3857 12 154.95
151 10.387 58.3755 12 154.895
875 10.725 55.6478 10 154.834
343 8.134 57.0128 11 154.784
9 9.452 58.2875 12 154.429
820 10.879 56.9268 11 154.317
294 10.654 59.5728 13 154.301
624 8.756 55.5416 10 154.243
622 8.860 59.5427 13 154.145
592 8.933 58.2308 12 154.128
387 12.205 58.2273 12 154.11
848 8.833 58.2166 12 154.053
715 9.153 58.2069 12 154.002
449 7.868 58.2035 12 153.984
462 11.119 56.8427 11 153.862
715 8.734 58.1672 12 153.792
348 9.927 55.4477 10 153.722
140 10.317 58.1456 12 153.678
447 10.908 58.1452 12 153.676
586 10.881 56.8011 11 153.636
18 9.232 58.1248 12 153.568
734 11.844 59.412 13 153.469
637 7.828 56.7213 11 153.205
155 8.675 59.3602 13 153.201
898 11.148 55.3531 10 153.198
456 8.191 56.7172 11 153.183
105 8.091 59.3398 13 153.096
721 10.785 56.666 11 152.906
158 13.032 59.2914 13 152.847
251 7.493 57.9755 12 152.78
887 11.923 57.9709 12 152.756
718 11.638 57.9265 12 152.522
752 8.414 60.4935 14 152.478
729 8.510 57.8951 12 152.356
648 8.074 57.8174 12 151.948
348 11.580 57.7944 12 151.827
746 11.743 56.4642 11 151.819
7 8.071 59.089 13 151.805
910 12.147 59.05 13 151.604
599 9.139 59.0413 13 151.56
386 11.373 60.3098 14 151.553
693 12.222 60.3042 14 151.525
743 12.385 59.0317 13 151.511
919 7.800 55.0452 10 151.499
480 11.296 57.6962 12 151.311
727 7.704 57.6939 12 151.299
777 12.768 56.3613 11 151.266
799 8.931 57.6732 12 151.191
845 11.628 56.3398 11 151.151
324 7.533 56.3343 11 151.122
906 8.328 57.6528 12 151.084
436 8.033 58.9439 13 151.06
290 7.785 57.6376 12 151.004
845 10.105 56.3075 11 150.978
468 11.936 57.6195 12 150.909
15 9.459 57.6041 12 150.829
710 6.701 58.8894 13 150.781
154 10.435 57.5921 12 150.766
492 8.214 57.5457 12 150.523
454 11.912 57.5447 12 150.518
223 10.912 60.0874 14 150.437
432 11.363 57.5231 12 150.405
846 8.983 57.5112 12 150.343
311 8.782 57.4946 12 150.256
306 12.526 56.1713 11 150.248
18 8.226 58.7624 13 150.131
852 10.813 54.7938 10 150.118
549 7.515 58.7374 13 150.004
718 12.403 57.4286 12 149.911
943 12.386 58.7069 13 149.848
263 12.099 59.942 14 149.71
70 7.681 58.6728 13 149.674
186 11.725 58.67 13 149.66
252 8.441 57.38 12 149.657
930 12.453 57.3718 12 149.615
307 8.474 57.3696 12 149.603
762 8.145 57.3587 12 149.546
598 7.573 57.3443 12 149.471
200 8.749 57.3435 12 149.467
128 11.326 54.6725 10 149.454
904 8.571 58.6209 13 149.409
837 8.142 58.6148 13 149.378
702 8.996 58.6005 13 149.305
643 9.460 57.2872 12 149.174
274 8.637 57.2675 12 149.071
182 11.006 58.5398 13 148.996
177 13.334 57.2505 12 148.983
600 11.739 57.2487 12 148.973
397 8.265 57.234 12 148.897
892 12.798 57.2295 12 148.873
359 8.860 58.5057 13 148.822
663 10.731 58.501 13 148.799
846 11.904 57.1868 12 148.651
124 12.618 57.1864 12 148.649
173 7.883 58.4714 13 148.648
221 10.550 58.4696 13 148.639
930 10.210 58.4498 13 148.538
58 8.025 57.1629 12 148.527
267 9.659 58.4455 13 148.516
11 10.288 55.839 11 148.476
482 9.303 58.418 13 148.377
550 12.844 55.8118 11 148.331
653 10.727 57.0726 12 148.058
213 8.724 58.3386 13 147.974
461 8.401 57.0472 12 147.927
161 11.474 57.0452 12 147.916
686 8.803 57.0446 12 147.913
545 12.527 57.0411 12 147.895
563 12.120 59.5617 14 147.817
228 8.251 58.2938 13 147.746
323 10.469 57.0067 12 147.717
788 9.498 56.9951 12 147.656
562 9.286 55.6533 11 147.49
230 12.085 58.2132 13 147.338
903 7.911 59.4502 14 147.264
278 10.644 56.9181 12 147.258
576 11.035 56.891 12 147.118
269 9.798 58.1358 13 146.947
61 10.718 58.1302 13 146.918
346 7.325 56.8367 12 146.837
764 7.563 58.1114 13 146.823
635 9.082 58.1091 13 146.812
311 11.012 59.3585 14 146.81
17 7.777 58.0788 13 146.659
982 8.659 59.3221 14 146.63
405 12.027 55.489 11 146.62
351 10.930 58.0346 13 146.435
397 9.791 58.022 13 146.372
277 12.459 56.7365 12 146.32
796 11.047 58.0037 13 146.28
940 11.211 56.7158 12 146.213
47 7.833 59.2367 14 146.208
221 9.464 56.7135 12 146.201
226 13.035 57.9857 13 146.189
9 9.898 57.9771 13 146.145
531 9.166 56.7013 12 146.138
111 9.174 59.2205 14 146.128
262 8.813 59.2116 14 146.084
235 10.176 59.2098 14 146.075
99 12.485 56.6835 12 146.046
230 8.712 59.1947 14 146.001
45 7.738 57.9449 13 145.983
90 12.335 57.9431 13 145.974
165 11.612 55.36 11 145.94
342 11.777 59.1813 14 145.934
445 9.577 57.931 13 145.913
621 7.315 57.9232 13 145.874
422 6.959 59.1318 14 145.69
681 11.148 59.1211 14 145.638
841 7.715 59.1186 14 145.625
641 12.850 56.5976 12 145.604
803 11.764 57.8669 13 145.59
481 7.991 60.3232 15 145.556
870 12.631 56.588 12 145.555
1 11.374 56.5578 12 145.399
723 10.990 60.2822 15 145.358
496 10.085 56.5248 12 145.23
232 11.412 56.5212 12 145.211
64 7.087 60.2475 15 145.19
995 10.975 56.509 12 145.149
489 9.394 57.772 13 145.113
23 8.941 58.976 14 144.924
583 12.055 56.4461 12 144.826
613 13.044 56.4427 12 144.808
691 9.163 56.4364 12 144.776
292 8.163 56.4165 12 144.674
117 11.481 57.6792 13 144.647
842 8.825 58.9069 14 144.584
199 11.581 57.6641 13 144.572
136 8.685 56.3844 12 144.509
6 10.438 57.6481 13 144.491
928 7.699 57.6395 13 144.448
879 9.441 58.8736 14 144.421
55 8.272 57.6186 13 144.344
41 12.872 56.3394 12 144.279
614 11.265 57.5989 13 144.245
757 7.352 58.8302 14 144.208
644 12.187 57.563 13 144.065
533 10.598 57.5536 13 144.018
858 9.644 57.5469 13 143.985
593 9.967 57.5339 13 143.92
389 8.221 58.7668 14 143.897
390 10.279 57.511 13 143.805
523 9.563 57.5093 13 143.797
79 10.926 56.2383 12 143.761
32 13.032 57.4974 13 143.737
333 7.745 58.7292 14 143.713
166 9.712 57.4909 13 143.705
179 8.440 56.2186 12 143.66
256 13.214 57.4806 13 143.653
192 7.820 57.4781 13 143.641
643 8.692 57.4723 13 143.612
129 7.894 58.7077 14 143.608
127 9.507 58.7057 14 143.598
803 8.777 58.7041 14 143.59
949 8.386 58.7038 14 143.589
616 8.539 56.1974 12 143.552
799 8.149 56.194 12 143.535
652 10.101 59.8958 15 143.5
304 10.082 58.6811 14 143.478
764 8.239 58.6725 14 143.436
977 9.293 58.6588 14 143.369
498 12.836 58.652 14 143.336
152 8.955 57.4133 13 143.317
300 10.432 56.1435 12 143.277
611 9.939 56.1431 12 143.275
722 8.804 54.8467 11 143.246
968 11.645 56.1185 12 143.149
285 12.253 56.1128 12 143.12
672 8.971 58.6024 14 143.093
539 10.237 58.6018 14 143.09
622 11.353 58.568 14 142.925
469 8.805 57.3259 13 142.881
770 9.576 58.5374 14 142.776
399 9.452 57.3001 13 142.752
168 12.335 57.2797 13 142.651
441 11.291 58.5069 14 142.627
117 12.768 54.7145 11 142.556
735 10.571 55.9994 12 142.542
863 8.034 57.2412 13 142.459
109 7.784 57.2393 13 142.449
145 9.654 57.2246 13 142.376
395 11.052 57.2235 13 142.371
829 9.746 58.4511 14 142.355
224 8.025 55.9442 12 142.262
670 11.932 55.9328 12 142.204
861 9.644 53.3071 10 142.082
973 10.279 58.3746 14 141.983
919 11.699 59.5736 15 141.961
395 12.761 58.3697 14 141.959
29 8.532 55.8745 12 141.907
86 8.106 58.3531 14 141.879
867 9.964 57.106 13 141.787
684 8.254 57.0848 13 141.681
913 9.547 57.0787 13 141.651
249 8.049 57.0786 13 141.651
752 10.942 59.4886 15 141.556
555 10.547 57.0579 13 141.548
166 10.322 55.7979 12 141.518
255 8.550 58.2788 14 141.517
339 11.248 58.2776 14 141.512
863 10.796 55.7905 12 141.481
814 11.352 59.4715 15 141.474
534 10.382 57.0385 13 141.452
557 8.361 57.0324 13 141.422
556 8.205 59.4578 15 141.409
898 9.029 57.0286 13 141.403
28 9.235 58.2521 14 141.388
762 10.632 58.2377 14 141.318
649 9.862 54.4716 11 141.293
260 8.375 57.0032 13 141.277
728 9.909 59.4238 15 141.248
380 9.503 56.9958 13 141.24
404 11.623 55.7254 12 141.151
794 12.557 56.9733 13 141.129
542 11.832 56.9733 13 141.129
274 12.040 56.9674 13 141.099
288 12.449 56.9625 13 141.075
361 8.897 56.9577 13 141.051
880 8.366 58.1807 14 141.041
306 11.071 55.7037 12 141.041
625 13.100 56.9549 13 141.037
121 13.288 56.9464 13 140.995
244 11.307 59.3623 15 140.955
45 7.405 59.3531 15 140.912
60 10.994 59.3357 15 140.829
37 12.353 56.9075 13 140.803
490 7.300 58.1302 14 140.797
851 7.588 56.9048 13 140.789
504 9.004 59.322 15 140.764
303 9.544 58.1125 14 140.711
561 8.416 59.293 15 140.626
463 11.772 58.0945 14 140.624
845 8.907 56.8657 13 140.596
677 8.043 58.0884 14 140.594
231 8.906 55.613 12 140.582
80 7.616 56.8604 13 140.57
635 10.418 55.6085 12 140.559
578 11.020 58.0669 14 140.49
371 9.447 56.8412 13 140.475
396 9.104 58.0633 14 140.473
838 12.927 58.0629 14 140.471
54 9.018 58.048 14 140.399
365 7.927 58.041 14 140.365
196 11.870 58.0393 14 140.357
411 12.961 55.5586 12 140.307
332 12.344 56.7939 13 140.241
816 10.478 56.7903 13 140.223
812 9.776 55.5394 12 140.21
366 12.580 56.7766 13 140.156
808 9.879 57.9942 14 140.139
725 11.238 59.1804 15 140.093
487 11.557 56.7588 13 140.068
223 10.271 56.7146 13 139.85
902 7.248 60.2963 16 139.832
305 12.188 56.7031 13 139.793
621 10.539 57.9225 14 139.792
811 9.078 55.4458 12 139.738
414 7.633 57.9086 14 139.725
374 7.827 59.0969 15 139.698
969 11.279 57.8961 14 139.665
784 9.199 57.8907 14 139.639
60 10.270 60.2517 16 139.626
971 9.797 55.4214 12 139.615
736 12.068 57.8787 14 139.581
669 9.120 57.8782 14 139.579
980 10.987 57.8779 14 139.577
465 9.988 56.6479 13 139.521
564 11.504 59.0542 15 139.496
375 9.158 59.0535 15 139.493
487 9.161 57.8526 14 139.455
