244 6.851 36.3741 7 77.828
132 12.214 36.2163 9 69.0327
488 8.378 36.9654 10 68.322
186 11.924 34.0336 7 68.1345
360 10.512 35.7725 9 67.3511
320 9.060 36.6212 10 67.0556
299 8.334 35.9924 10 64.7726
69 8.802 36.7374 11 64.2684
303 12.736 36.533 11 63.5552
189 11.733 36.1529 11 62.2396
31 11.324 36.0376 11 61.8433
48 8.199 34.671 10 60.1039
231 6.600 37.0927 13 59.8204
441 11.298 34.4103 10 59.2034
96 10.128 37.6079 14 58.9314
99 8.027 35.845 12 58.4029
315 10.772 35.5787 12 57.5384
88 13.337 34.7243 11 57.418
451 12.110 35.5359 12 57.4
405 12.574 35.4335 12 57.0697
225 10.123 34.6059 11 57.0271
67 7.481 36.9449 14 56.8719
212 11.236 36.0708 13 56.5697
13 13.396 34.414 11 56.3964
318 13.111 35.0583 12 55.8675
183 13.801 34.1273 11 55.4606
99 10.978 34.8171 12 55.1014
386 13.051 36.3646 14 55.0993
319 8.388 33.0352 10 54.5662
372 9.287 35.2984 13 54.1729
403 10.872 34.5129 12 54.1427
201 11.695 36.0171 14 54.0513
165 8.152 35.9951 14 53.9853
490 10.472 35.1953 13 53.8569
309 8.850 34.4098 12 53.8197
10 9.300 35.8964 14 53.6896
109 10.110 34.3494 12 53.631
167 10.283 35.1107 13 53.5983
120 7.817 36.5672 15 53.4864
12 10.007 36.4705 15 53.2039
373 13.348 36.4657 15 53.1899
23 9.900 35.7097 14 53.1326
176 8.383 36.4436 15 53.1254
120 12.674 34.927 13 53.0389
354 11.887 35.6201 14 52.8663
448 12.557 34.0764 12 52.7819
376 8.476 34.7984 13 52.6491
491 11.788 35.4715 14 52.4261
284 12.074 36.8614 16 52.2601
316 10.063 36.1148 15 52.1712
470 12.262 35.3698 14 52.1259
336 8.652 36.0681 15 52.0363
213 10.684 34.4869 13 51.7107
487 11.155 36.6138 16 51.5604
335 10.655 37.8973 18 51.293
9 10.353 37.178 17 51.1927
357 8.970 34.9992 14 51.0393
173 8.240 37.0475 17 50.834
218 11.475 34.837 14 50.5674
291 10.574 35.5531 15 50.5609
486 8.737 34.7396 14 50.285
429 10.864 36.8248 17 50.2247
252 12.100 33.8985 13 49.9612
7 13.046 36.7055 17 49.8998
23 9.786 36.6408 17 49.724
485 11.701 37.276 18 49.625
13 13.004 35.8901 16 49.5423
174 10.934 35.1327 15 49.3723
173 8.371 35.1323 15 49.3711
173 8.452 36.5004 17 49.3437
301 13.020 37.0935 18 49.1403
193 8.334 35.7157 16 49.062
470 10.418 34.9854 15 48.9591
220 11.509 35.6759 16 48.9527
408 11.201 34.9058 15 48.7366
321 12.526 36.9222 18 48.6875
317 10.429 36.9183 18 48.6772
496 10.366 36.2303 17 48.6161
318 10.618 36.2206 17 48.5901
168 8.600 36.2086 17 48.5579
104 12.534 36.1264 17 48.3377
384 11.882 36.0572 17 48.1527
304 12.103 34.694 15 48.1469
313 10.826 36.0469 17 48.1251
16 11.803 37.323 19 48.0347
276 8.097 35.3245 16 47.9931
333 11.002 35.3181 16 47.9757
29 10.653 35.9771 17 47.939
385 9.969 35.9655 17 47.908
191 9.093 34.5955 15 47.8739
185 8.771 35.948 17 47.8614
471 11.286 36.5922 18 47.821
76 10.314 35.2585 16 47.8139
259 8.603 35.927 17 47.8055
280 9.738 33.8575 14 47.7638
281 9.024 34.5078 15 47.6315
291 11.285 35.8401 17 47.5745
146 12.580 36.4714 18 47.5058
377 11.212 35.7621 17 47.3677
455 10.971 36.4152 18 47.3595
347 11.577 34.4003 15 47.3352
273 10.662 34.3971 15 47.3264
491 10.869 35.7421 17 47.3147
73 11.698 35.0671 16 47.2962
131 10.399 37.0329 19 47.2909
414 8.593 36.3874 18 47.2872
449 10.348 35.7133 17 47.2385
84 7.998 32.905 13 47.0756
422 9.159 34.9815 16 47.0656
69 9.693 35.6423 17 47.0509
421 10.672 34.9675 16 47.0279
77 11.938 35.6276 17 47.0121
255 10.962 35.6109 17 46.968
174 9.846 32.8603 13 46.9478
369 11.528 34.2519 15 46.9277
170 12.510 35.5641 17 46.8446
121 9.747 35.5641 17 46.8446
81 8.452 34.2001 15 46.7859
478 9.481 34.8725 16 46.7727
10 8.506 34.8566 16 46.7301
351 9.705 34.1627 15 46.6836
360 11.034 36.151 18 46.6748
6 11.201 35.498 17 46.6707
158 13.532 36.1493 18 46.6704
434 6.863 35.497 17 46.668
333 8.238 34.8058 16 46.594
472 8.265 34.7926 16 46.5587
300 11.682 35.3915 17 46.391
436 11.473 35.3847 17 46.3732
184 12.225 34.7126 16 46.3448
220 10.948 36.0218 18 46.3418
171 11.747 34.703 16 46.3192
142 12.651 36.0057 18 46.3004
264 12.185 37.8675 21 46.2564
5 8.159 37.2235 20 46.1863
1 8.283 35.9379 18 46.1262
267 11.050 39.0092 23 46.1127
230 11.905 35.9311 18 46.1087
203 9.718 35.2802 17 46.0997
194 10.551 35.9229 18 46.0877
432 12.034 33.9376 15 46.0704
358 10.242 35.9067 18 46.0461
307 8.517 34.5904 16 46.0191
313 9.442 35.8901 18 46.0035
79 9.002 35.2317 17 45.9731
442 11.708 36.4984 19 45.9356
329 11.584 35.8589 18 45.9236
32 11.179 34.5429 16 45.8928
452 9.079 34.5367 16 45.8763
11 11.974 35.1741 17 45.8229
341 9.960 33.8457 15 45.8213
37 10.686 35.1715 17 45.8161
496 12.356 35.1692 17 45.8101
17 9.386 36.419 19 45.736
137 10.709 35.1308 17 45.7101
368 8.938 37.002 20 45.6383
142 12.220 36.378 19 45.6331
91 11.738 34.439 16 45.6171
34 8.159 35.7314 18 45.5976
254 11.821 37.5883 21 45.5768
249 11.745 35.0668 17 45.5437
79 7.513 35.0661 17 45.5419
464 11.921 36.3194 19 45.4862
122 12.208 36.3119 19 45.4674
444 10.220 35.6747 18 45.453
131 7.952 37.5019 21 45.3675
500 9.713 36.892 20 45.3673
292 13.121 36.2696 19 45.3615
7 6.614 35.6251 18 45.3267
324 11.314 34.3097 16 45.2752
413 12.816 34.9605 17 45.268
2 12.399 36.2207 19 45.2393
388 12.601 35.588 18 45.2323
495 8.632 35.5872 18 45.2303
289 9.704 35.5624 18 45.1673
65 12.607 36.81 20 45.1659
63 11.209 36.7882 20 45.1124
108 10.524 37.3746 21 45.06
200 10.437 36.1339 19 45.0227
483 9.148 36.7496 20 45.0178
326 8.415 36.1289 19 45.0103
437 11.063 34.847 17 44.9746
346 9.749 36.7112 20 44.9237
417 8.178 34.8268 17 44.9224
421 11.504 36.0914 19 44.9169
101 10.668 34.1344 16 44.8137
114 11.580 36.0472 19 44.8069
474 10.138 35.4182 18 44.8017
471 9.598 36.0416 19 44.793
438 9.253 36.0328 19 44.7711
422 11.748 35.371 18 44.6824
27 10.146 37.191 21 44.6184
40 11.955 34.7065 17 44.6126
95 8.153 34.6856 17 44.5589
112 11.282 35.3175 18 44.5474
357 12.020 35.2813 18 44.4561
48 11.299 37.1061 21 44.4149
187 9.838 35.24 18 44.3521
485 10.321 37.0635 21 44.313
166 8.573 34.5788 17 44.2849
423 10.774 35.8322 19 44.274
347 11.821 38.1904 23 44.1972
158 9.735 35.7881 19 44.1651
85 9.994 35.1592 18 44.1489
90 12.000 35.7756 19 44.1343
432 11.587 35.1437 18 44.11
192 11.622 34.5085 17 44.1051
354 12.291 34.5055 17 44.0974
279 7.811 34.5054 17 44.0971
394 11.805 38.1195 23 44.0332
359 11.794 35.1094 18 44.0239
379 8.324 34.4714 17 44.0103
462 11.800 35.0699 18 43.9249
237 11.595 37.4706 22 43.8764
28 8.950 36.2745 20 43.8613
323 9.321 35.6599 19 43.8493
293 10.323 36.2643 20 43.8366
94 12.687 35.6517 19 43.8291
32 13.446 35.6067 19 43.7185
455 12.158 37.3964 22 43.7028
408 12.281 36.8012 21 43.688
398 8.401 34.9638 18 43.6595
40 11.679 34.3195 17 43.6233
302 12.408 36.77 21 43.614
388 9.495 34.9398 18 43.5996
498 11.177 33.6654 16 43.5907
294 10.917 34.2908 17 43.5503
42 9.057 34.9116 18 43.5293
102 9.002 35.5253 19 43.5189
3 13.635 36.1251 20 43.5008
227 10.058 35.5008 19 43.4589
253 9.706 36.1033 20 43.4483
310 13.215 34.8771 18 43.4433
439 10.687 35.4894 19 43.4309
373 12.013 34.8628 18 43.4077
354 11.577 34.8573 18 43.394
332 7.495 34.222 17 43.3758
83 10.441 36.0722 20 43.3735
215 9.832 34.8474 18 43.3693
412 10.999 35.4635 19 43.3676
219 8.864 32.9227 15 43.3562
100 8.949 35.4562 19 43.3497
12 12.379 35.4419 19 43.3148
335 11.154 35.4106 19 43.2383
241 7.643 34.1674 17 43.2375
303 7.881 36.5978 21 43.2064
346 13.902 34.1494 17 43.1919
21 11.510 35.3787 19 43.1604
40 10.634 33.482 16 43.1171
76 11.159 37.1434 22 43.1135
425 11.522 37.7176 23 43.1096
236 10.795 33.4703 16 43.087
50 11.334 35.3429 19 43.0731
219 10.755 36.5209 21 43.025
121 8.226 35.917 20 43.001
427 10.778 36.5072 21 42.9928
64 10.587 37.0651 22 42.9319
246 10.958 36.4792 21 42.9268
290 9.794 35.8699 20 42.8883
163 12.302 35.2576 19 42.8655
327 13.002 36.452 21 42.8628
498 10.830 35.8212 20 42.7719
36 7.776 36.9856 22 42.748
54 10.305 34.5877 18 42.7253
160 8.860 35.1819 19 42.6816
38 8.911 35.1783 19 42.6729
152 7.746 35.7746 20 42.6607
168 12.444 34.5532 18 42.6401
477 10.496 35.1605 19 42.6297
431 12.096 36.3521 21 42.6282
223 9.537 33.9195 17 42.6123
429 9.918 35.1412 19 42.5829
371 12.230 35.7346 20 42.5654
130 10.530 34.5185 18 42.5545
500 12.123 35.6941 20 42.469
415 11.691 35.0914 19 42.4623
107 10.363 35.6845 20 42.4461
461 13.410 33.2134 16 42.4281
236 11.952 35.6759 20 42.4257
405 9.560 35.6753 20 42.4242
221 8.401 36.2392 21 42.3639
492 12.572 35.6481 20 42.3596
326 11.247 34.4309 18 42.3388
116 12.931 37.3697 23 42.318
195 11.234 35.0232 19 42.2974
252 10.804 36.2085 21 42.2921
323 10.681 36.2072 21 42.2891
398 8.182 35.6072 20 42.2624
444 13.068 35.5905 20 42.2228
20 13.010 37.3215 23 42.2089
231 9.162 34.9846 19 42.2042
392 8.696 33.7517 17 42.1918
312 9.554 34.9756 19 42.1825
348 12.692 36.1331 21 42.1162
95 9.112 35.5437 20 42.1118
310 10.932 35.5401 20 42.1033
466 10.519 37.8145 24 42.057
196 13.435 36.1046 21 42.0497
496 10.947 35.4993 20 42.0067
479 8.567 36.0854 21 42.005
469 7.966 36.6626 22 42.0046
156 11.416 36.6624 22 42.0041
312 11.850 34.2937 18 42.0021
443 10.828 35.4953 20 41.9972
361 11.529 36.6528 22 41.9821
165 10.828 34.8857 19 41.9659
489 11.774 35.4734 20 41.9454
476 10.410 36.6349 22 41.9411
282 8.303 36.0508 21 41.9245
243 11.040 34.865 19 41.9161
66 11.738 37.1917 23 41.9158
115 8.863 35.4606 20 41.9151
58 11.873 36.0382 21 41.8952
174 11.057 36.0339 21 41.8852
371 9.725 34.2459 18 41.8851
309 9.374 36.0322 21 41.8813
340 8.412 36.6039 22 41.8702
491 11.985 34.8418 19 41.8604
107 11.089 36.0227 21 41.8592
43 12.223 37.1637 23 41.8527
78 10.662 36.5818 22 41.8196
105 11.629 35.9897 21 41.7825
350 11.844 36.5553 22 41.7591
338 9.744 35.9779 21 41.7551
482 8.471 34.7972 19 41.7533
24 11.914 34.1856 18 41.7377
453 11.359 35.3724 20 41.7069
363 10.932 35.3711 20 41.7038
334 10.364 35.9398 21 41.6667
257 11.126 35.9302 21 41.6445
277 11.142 35.9211 21 41.6234
467 9.092 34.1217 18 41.5818
403 9.658 37.0388 23 41.5719
204 13.025 36.4667 22 41.5569
389 7.862 35.8656 21 41.4949
272 13.198 36.4327 22 41.4794
303 11.569 35.2688 20 41.4629
44 11.102 36.4249 22 41.4617
255 12.101 35.85 21 41.4588
307 11.815 34.67 19 41.4486
354 11.881 37.5341 24 41.4355
199 12.545 35.2542 20 41.4286
81 11.673 35.8323 21 41.4179
130 11.023 37.5195 24 41.4033
250 12.410 33.4303 17 41.392
31 11.224 34.6352 19 41.3654
353 8.952 34.0176 18 41.3285
358 9.010 34.616 19 41.3196
131 13.065 36.3538 22 41.3
229 8.663 36.3409 22 41.2707
271 9.719 36.9021 23 41.2656
296 9.167 35.1834 20 41.2624
1 10.540 36.8981 23 41.2567
425 11.297 34.5838 19 41.2427
355 11.406 37.9885 25 41.2322
175 11.577 37.9757 25 41.2044
157 10.069 36.2813 22 41.1354
23 7.705 33.3099 17 41.0944
21 9.419 36.2597 22 41.0864
189 8.194 36.2553 22 41.0765
203 12.177 35.6794 21 41.0651
139 9.480 37.3603 24 41.0527
150 11.846 35.664 21 41.0297
103 11.314 35.6584 21 41.0168
49 11.157 36.7713 23 40.9736
425 8.424 34.4462 19 40.9152
10 12.396 35.0333 20 40.9111
9 8.991 35.6089 21 40.903
233 8.553 35.6014 21 40.8858
68 11.069 36.7304 23 40.8825
424 10.282 35.5972 21 40.8761
413 10.568 35.0123 20 40.862
347 13.124 35.0094 20 40.8553
207 11.377 36.7037 23 40.8231
465 10.058 36.135 22 40.8043
150 8.145 33.1829 17 40.7817
191 11.485 34.964 20 40.7494
113 11.257 36.6468 23 40.6966
159 8.860 34.9369 20 40.6862
239 10.891 36.0825 22 40.6858
227 7.221 36.6413 23 40.6844
196 11.046 37.1871 24 40.673
128 11.053 37.1845 24 40.6673
485 12.529 34.9203 20 40.6476
166 11.756 36.0652 22 40.6468
26 7.778 35.4897 21 40.6296
257 7.940 35.4896 21 40.6294
402 9.951 36.0549 22 40.6236
321 10.888 36.0507 22 40.6142
138 7.323 34.3155 19 40.6053
246 12.466 35.4671 21 40.5779
380 8.988 38.7452 27 40.5727
112 7.074 35.4576 21 40.5562
277 10.036 36.0202 22 40.5455
327 12.700 35.4485 21 40.5354
357 10.845 36.5697 23 40.5255
2 12.738 34.8651 20 40.5192
155 9.389 34.8578 20 40.5022
71 8.339 36 22 40.5
212 8.643 35.43 21 40.4931
143 9.356 35.9965 22 40.4921
173 7.981 34.8505 20 40.4852
164 11.309 37.0998 24 40.4822
328 11.702 37.097 24 40.4761
429 9.485 34.8353 20 40.4499
496 12.768 35.406 21 40.4382
179 9.176 35.3924 21 40.4072
32 9.159 35.3884 21 40.398
362 9.590 35.9356 22 40.3552
335 10.545 36.4851 23 40.3383
393 7.885 34.1889 19 40.3062
35 11.536 34.7716 20 40.3021
409 11.524 34.7702 20 40.2989
122 9.051 34.7675 20 40.2926
253 12.814 35.3396 21 40.2867
330 10.132 34.7646 20 40.2859
483 10.462 35.9031 22 40.2823
327 11.628 36.4569 23 40.2759
294 9.372 35.3143 21 40.229
229 10.662 34.1313 19 40.1705
235 12.249 36.939 24 40.1321
391 11.784 36.9381 24 40.1301
389 11.643 35.2601 21 40.1056
213 10.532 36.3796 23 40.1053
248 13.013 35.8232 22 40.1032
374 9.821 36.3577 23 40.057
342 11.307 35.2339 21 40.0461
71 11.854 35.2233 21 40.022
454 11.656 35.2199 21 40.0142
452 11.239 36.3347 23 40.0064
373 12.054 35.2088 21 39.989
445 11.830 37.4094 25 39.9847
409 9.464 35.7561 22 39.9531
309 11.741 35.1864 21 39.9382
437 11.977 35.7225 22 39.878
202 6.096 34.5879 20 39.8774
499 9.242 35.7058 22 39.8408
54 12.674 34.5693 20 39.8346
500 11.787 36.2519 23 39.8243
304 11.624 35.1311 21 39.8127
484 9.354 36.238 23 39.7937
298 10.692 35.6828 22 39.7894
19 7.984 35.6821 22 39.7879
155 12.562 35.681 22 39.7854
388 13.735 36.2292 23 39.7744
61 8.660 36.7668 24 39.7588
367 11.806 35.0975 21 39.7366
426 11.755 35.097 21 39.7355
385 8.006 35.6528 22 39.7226
231 11.088 36.7469 24 39.7157
224 9.675 36.199 23 39.7081
286 10.598 34.5142 20 39.7077
450 11.209 35.6293 22 39.6702
250 12.615 37.2606 25 39.6672
280 11.470 36.7191 24 39.6557
497 11.469 35.0604 21 39.6526
369 11.719 34.483 20 39.6359
83 9.655 36.1645 23 39.6325
468 11.625 35.0408 21 39.6083
362 12.354 36.6968 24 39.6075
435 9.959 36.6959 24 39.6056
213 11.003 33.8896 19 39.6036
49 8.077 35.5969 22 39.5981
245 7.247 36.1398 23 39.5783
476 11.057 36.6806 24 39.5725
67 11.944 35.5832 22 39.5676
179 11.386 35.5802 22 39.561
96 11.847 33.8659 19 39.5482
261 11.247 36.6649 24 39.5387
293 10.011 35.0057 21 39.529
156 8.663 36.1103 23 39.5138
352 11.713 36.0943 23 39.4787
179 11.266 36.0924 23 39.4746
299 11.189 35.5402 22 39.4721
202 8.246 36.6295 24 39.4624
206 11.661 35.5312 22 39.4521
480 9.417 35.528 22 39.445
336 9.392 36.6206 24 39.4432
52 11.793 34.9665 21 39.4405
88 9.219 35.5242 22 39.4365
57 10.943 36.0738 23 39.4339
132 12.473 34.9557 21 39.4162
204 11.962 36.0629 23 39.4101
30 7.837 34.9505 21 39.4044
4 10.470 33.2019 18 39.3702
13 7.896 36.0379 23 39.3555
149 8.558 36.0329 23 39.3445
499 13.085 34.9158 21 39.3262
423 8.980 34.9123 21 39.3183
189 11.961 35.4694 22 39.3149
176 12.091 36.5535 24 39.2988
364 12.110 36.5532 24 39.2981
383 13.258 35.4617 22 39.2979
260 11.064 35.4597 22 39.2934
145 9.602 35.4512 22 39.2746
20 10.891 34.8837 21 39.254
90 8.558 35.4287 22 39.2248
475 9.515 35.9754 23 39.2191
41 8.856 35.4198 22 39.2051
327 9.299 35.9636 23 39.1933
