70 81 0 8 54.238802
72 79 0 8 51.739550
71 80 0 8 50.872314
16 39 0 8 38.880313
15 40 0 8 37.750009
26 67 0 8 35.436539
13 41 0 8 33.819932
17 38 0 8 30.646417
42 60 0 8 29.007849
22 30 0 8 28.556075
69 82 0 8 27.915747
64 85 0 8 26.439622
73 78 0 8 26.369013
3 91 0 8 26.145658
25 68 0 8 21.445468
5 89 0 8 21.439435
18 37 0 8 20.178839
48 55 0 8 20.141005
28 65 0 8 19.609123
8 86 0 8 17.013774
4 90 0 8 16.842067
2 92 0 8 14.927528
1 93 0 8 8.718661
27 66 0 8 6.449762
9 63 0 8 6.182540
71 81 0 8 6.171790
5 14 0 8 4.849430
70 80 0 8 4.675068
43 59 0 8 4.560905
23 29 0 8 4.182687
8 22 0 8 3.890225
8 30 0 8 3.860393
3 28 0 8 3.817976
46 55 0 8 3.211154
28 91 0 8 3.197678
17 37 0 8 3.120470
28 62 0 8 3.111857
8 38 0 8 3.110471
1 14 0 8 2.890525
2 93 0 8 2.770714
22 91 0 8 2.765364
13 92 0 8 2.587420
30 91 0 8 2.565001
4 64 0 8 2.532166
14 89 0 8 2.471370
41 89 0 8 2.431106
42 84 0 8 2.424125
18 32 0 8 2.333256
14 41 0 8 2.256149
13 26 0 8 2.098240
13 54 0 8 2.092081
5 64 0 8 2.059256
22 86 0 8 2.037351
30 86 0 8 2.033940
41 92 0 8 2.004482
25 37 0 8 1.919542
6 88 0 8 1.879104
26 41 0 8 1.878940
22 85 0 8 1.855190
3 14 0 8 1.845214
30 85 0 8 1.844243
26 54 0 8 1.839505
19 35 0 8 1.776440
5 90 0 8 1.772130
42 62 0 8 1.737865
17 22 0 8 1.723650
13 71 0 8 1.698074
13 70 0 8 1.676172
2 14 0 8 1.673433
14 86 0 8 1.671756
8 92 0 8 1.668364
13 81 0 8 1.628790
61 66 0 8 1.626602
41 70 0 8 1.586006
23 61 0 8 1.579335
22 38 0 8 1.573409
7 88 0 8 1.568627
17 39 0 8 1.554710
17 30 0 8 1.554021
30 38 0 8 1.551811
41 81 0 8 1.532733
41 80 0 8 1.492477
25 67 0 8 1.478286
8 26 0 8 1.447773
7 87 0 8 1.447206
6 11 0 8 1.442099
1 60 0 8 1.437659
1 91 0 8 1.404262
86 91 0 8 1.389775
13 89 0 8 1.380174
6 12 0 8 1.366078
6 87 0 8 1.359442
25 60 0 8 1.341938
29 61 0 8 1.296741
2 13 0 8 1.294813
29 66 0 8 1.283475
11 88 0 8 1.271648
1 9 0 8 1.267477
2 33 0 8 1.264777
21 31 0 8 1.253088
9 67 0 8 1.250400
61 85 0 8 1.249837
67 83 0 8 1.248790
47 56 0 8 1.248656
8 17 0 8 1.248277
23 66 0 8 1.240918
17 32 0 8 1.235826
1 8 0 8 1.222296
1 86 0 8 1.219852
7 12 0 8 1.218727
48 54 0 8 1.215840
13 80 0 8 1.209858
41 71 0 8 1.186385
84 91 0 8 1.169755
25 41 0 8 1.158676
11 87 0 8 1.154606
13 25 0 8 1.136932
69 83 0 8 1.136205
14 93 0 8 1.113706
62 89 0 8 1.108301
5 92 0 8 1.107512
33 70 0 8 1.080226
41 54 0 8 1.076929
21 35 0 8 1.073318
19 27 0 8 1.066800
26 83 0 8 1.065861
16 37 0 8 1.050452
41 68 0 8 1.023689
12 88 0 8 1.023629
19 61 0 8 1.023202
23 65 0 8 1.016148
20 45 0 8 0.990426
45 58 0 8 0.990426
20 58 0 8 0.990426
20 44 0 8 0.980127
44 58 0 8 0.980127
36 45 0 8 0.974430
36 58 0 8 0.974430
20 36 0 8 0.974430
36 44 0 8 0.964822
33 81 0 8 0.963894
23 86 0 8 0.954731
24 43 0 8 0.954668
45 57 0 8 0.949963
20 57 0 8 0.949963
47 58 0 8 0.939046
20 47 0 8 0.939046
44 57 0 8 0.938689
36 57 0 8 0.934813
17 40 0 8 0.926524
36 47 0 8 0.924045
49 81 0 8 0.921708
19 37 0 8 0.921464
45 56 0 8 0.917178
20 56 0 8 0.917178
21 45 0 8 0.910527
21 58 0 8 0.910527
12 87 0 8 0.910255
44 56 0 8 0.905403
46 56 0 8 0.904751
36 56 0 8 0.901795
14 70 0 8 0.900924
21 44 0 8 0.900657
14 38 0 8 0.895179
18 33 0 8 0.894626
47 57 0 8 0.891418
21 36 0 8 0.888632
41 62 0 8 0.882844
21 57 0 8 0.872197
29 65 0 8 0.871714
21 47 0 8 0.860859
26 65 0 8 0.848049
9 54 0 8 0.847767
21 56 0 8 0.840396
14 81 0 8 0.837862
66 87 0 8 0.834185
24 35 0 8 0.831462
57 87 0 8 0.831307
12 45 0 8 0.815798
12 20 0 8 0.815798
12 58 0 8 0.815798
10 62 0 8 0.813181
12 44 0 8 0.806163
56 87 0 8 0.804987
12 36 0 8 0.804317
35 45 0 8 0.801212
20 35 0 8 0.801212
35 58 0 8 0.801212
3 65 0 8 0.798968
8 63 0 8 0.795299
60 89 0 8 0.794039
35 44 0 8 0.793037
18 38 0 8 0.789315
12 59 0 8 0.789049
31 45 0 8 0.788586
20 31 0 8 0.788586
31 58 0 8 0.788586
5 60 0 8 0.784779
31 44 0 8 0.778782
68 91 0 8 0.775647
12 57 0 8 0.772857
12 47 0 8 0.771103
11 45 0 8 0.766721
11 20 0 8 0.766721
11 58 0 8 0.766721
31 36 0 8 0.766122
35 57 0 8 0.762458
3 22 0 8 0.758340
11 44 0 8 0.757948
9 14 0 8 0.757115
11 36 0 8 0.755779
54 89 0 8 0.755403
3 25 0 8 0.755242
35 47 0 8 0.752965
31 57 0 8 0.752929
34 53 0 8 0.750140
28 41 0 8 0.747443
12 56 0 8 0.745358
12 21 0 8 0.744094
66 85 0 8 0.743768
3 62 0 8 0.739866
7 45 0 8 0.739190
7 20 0 8 0.739190
7 58 0 8 0.739190
13 93 0 8 0.736060
50 67 0 8 0.734433
21 29 0 8 0.732296
35 56 0 8 0.731741
8 66 0 8 0.730023
11 59 0 8 0.729950
7 44 0 8 0.729900
31 47 0 8 0.729424
7 36 0 8 0.728922
2 41 0 8 0.728757
10 87 0 8 0.726930
11 47 0 8 0.726434
1 38 0 8 0.726319
33 75 0 8 0.721962
11 57 0 8 0.719784
29 86 0 8 0.718723
31 56 0 8 0.717522
54 71 0 8 0.715460
12 43 0 8 0.713512
68 84 0 8 0.709747
24 31 0 8 0.709683
6 45 0 8 0.706427
6 20 0 8 0.706427
6 58 0 8 0.706427
8 14 0 8 0.704755
11 21 0 8 0.702605
15 38 0 8 0.701206
7 47 0 8 0.700870
6 44 0 8 0.696981
6 36 0 8 0.696426
7 57 0 8 0.696239
35 61 0 8 0.695208
46 58 0 8 0.694226
20 46 0 8 0.694226
11 56 0 8 0.693477
4 27 0 8 0.692604
7 59 0 8 0.688873
9 85 0 8 0.685904
24 29 0 8 0.683341
5 83 0 8 0.679834
36 46 0 8 0.677007
7 21 0 8 0.676115
21 27 0 8 0.675915
7 56 0 8 0.670698
72 78 0 8 0.669422
6 47 0 8 0.669111
3 30 0 8 0.668728
9 92 0 8 0.665387
6 57 0 8 0.664783
12 27 0 8 0.662978
66 86 0 8 0.659027
19 24 0 8 0.657486
59 83 0 8 0.654364
45 59 0 8 0.654103
20 59 0 8 0.654103
11 43 0 8 0.649492
12 35 0 8 0.647200
6 59 0 8 0.644885
44 59 0 8 0.643177
6 21 0 8 0.642981
26 66 0 8 0.641829
12 31 0 8 0.640924
6 56 0 8 0.639746
36 59 0 8 0.636960
46 57 0 8 0.633800
15 42 0 8 0.633607
21 46 0 8 0.631261
19 31 0 8 0.630491
56 61 0 8 0.630465
49 60 0 8 0.619093
7 43 0 8 0.617204
8 15 0 8 0.615143
62 91 0 8 0.612858
47 55 0 8 0.611759
23 31 0 8 0.607528
47 59 0 8 0.605609
