1 11.273 56.0842 37
2 10.478 57.6287 19
3 11.822 59.1272 51
4 11.292 57.1867 32
5 11.811 58.3064 39
6 11.413 59.8228 43
7 11.438 57.0064 34
8 10.520 58.1809 35
9 11.012 58.3399 31
10 10.929 58.1904 17
11 11.257 59.5906 30
12 11.498 58.9371 40
13 11.616 55.8089 30
14 11.278 59.0048 29
15 11.064 59.1143 39
16 10.890 59.6969 49
17 11.518 57.337 18
18 11.744 61.1734 29
19 11.732 61.4963 41
20 12.569 58.4724 34
21 11.321 55.8403 28
22 10.822 59.7403 25
23 12.114 60.1492 43
24 11.515 59.7039 34
25 12.759 58.282 29
26 10.721 56.3713 31
27 10.907 58.3323 42
28 12.751 61.4921 28
29 10.673 56.9114 32
30 11.456 59.4011 40
31 10.543 59.1357 18
32 11.415 56.6297 30
33 11.263 57.8913 38
34 11.311 59.1975 39
35 10.101 58.3525 30
36 11.368 56.7711 30
37 11.896 60.2859 42
38 11.499 56.106 40
39 11.053 56.9467 28
40 10.454 58.0863 19
41 11.762 59.9263 49
42 13.653 59.6674 32
43 13.578 57.1181 23
44 13.224 57.3699 44
45 11.679 55.7817 41
46 10.524 55.1806 28
47 10.433 56.5347 24
48 11.031 56.5782 35
49 10.600 57.4635 23
50 11.547 55.8277 33
51 11.299 58.2867 30
52 11.937 57.3882 40
53 10.547 58.8015 25
54 13.331 58.7053 37
55 12.782 57.0437 20
56 11.111 56.8049 18
57 10.535 57.7955 21
58 10.442 56.7707 22
59 12.929 61.0795 39
60 11.521 58.6691 26
61 10.285 58.9259 35
62 10.511 56.7809 20
63 10.637 57.2171 25
64 10.452 59.0793 26
65 13.229 54.4295 39
66 11.502 57.241 22
67 11.176 55.8507 35
68 10.866 55.0462 31
69 11.275 57.8904 33
70 11.348 59.9573 21
71 10.951 55.5646 22
72 11.083 57.7036 25
73 13.348 58.1696 41
74 11.992 59.848 36
75 11.512 57.7739 41
76 11.276 59.6891 39
77 12.458 59.4155 18
78 11.118 55.2292 27
79 11.547 60.6336 34
80 11.359 56.2489 25
81 11.621 55.2692 33
82 11.905 57.8788 34
83 11.433 60.2079 29
84 11.289 56.9124 45
85 11.325 59.3151 26
86 11.357 58.3052 24
87 12.064 56.688 49
88 12.143 58.8981 28
89 10.142 58.4453 26
90 12.281 59.5558 44
91 11.643 58.415 29
92 10.301 57.4878 24
93 11.169 58.9073 40
94 12.899 57.6827 35
95 11.303 58.1814 39
96 11.993 58.295 34
97 11.174 57.8009 30
98 12.103 56.3212 44
99 12.124 58.3228 30
100 11.264 56.3802 40
101 10.513 56.1556 18
102 13.499 58.0506 40
103 11.843 55.3443 54
104 11.227 60.2924 34
105 11.655 56.5706 34
106 11.217 56.8507 43
107 11.252 56.9596 28
108 13.431 57.9662 31
109 11.523 55.2739 26
110 13.232 55.9314 26
111 11.194 57.4129 39
112 10.637 56.781 20
113 11.400 54.97 26
114 10.954 61.514 26
115 10.892 58.8056 28
116 11.041 56.8621 25
117 11.429 56.4034 27
118 13.116 60.3163 47
119 10.556 56.0285 20
120 11.329 55.2431 26
121 11.423 57.3591 45
122 11.114 59.272 33
123 10.612 59.1214 36
124 11.462 57.329 25
125 11.076 57.4108 33
126 10.507 57.3169 14
127 11.371 58.1185 16
128 10.669 57.4177 22
129 11.768 55.1879 30
130 13.053 56.0095 39
131 10.787 54.5766 33
132 11.720 60.8344 30
133 10.263 56.5565 22
134 10.054 54.0498 32
135 10.442 56.2712 14
136 13.126 57.3581 41
137 11.449 54.6385 29
138 10.002 57.852 29
139 10.977 59.9681 29
140 11.217 57.2295 16
141 11.313 55.9002 27
142 11.557 55.7518 37
143 10.609 57.9772 17
144 10.422 55.5934 35
145 13.158 59.7924 60
146 13.179 57.0801 46
147 10.405 59.1042 33
148 11.157 56.5981 27
149 13.264 58.9625 33
150 11.219 56.1697 37
151 11.502 58.5162 40
152 10.611 57.9322 24
153 11.063 60.4447 25
154 10.613 57.1766 28
155 12.350 55.3919 45
156 13.062 58.065 38
157 11.155 55.1243 36
158 11.218 59.2079 34
159 11.068 58.3792 28
160 12.984 59.7572 26
161 10.785 57.6313 20
162 10.439 57.3752 25
163 12.719 54.7956 39
164 10.934 55.6608 38
165 11.746 61.2492 35
166 11.183 59.6945 29
167 10.503 55.8654 13
168 11.150 57.4524 30
169 11.007 56.4359 36
170 13.472 60.0083 29
171 10.235 58.2205 23
172 11.212 61.4263 46
173 13.616 57.8021 36
174 10.527 60.2831 29
175 10.267 58.8716 30
176 11.324 57.5477 28
177 10.486 57.8555 26
178 11.058 56.5341 31
179 11.470 58.3355 22
180 11.312 60.2978 38
181 10.354 59.9807 36
182 10.982 56.7151 28
183 11.671 56.0831 41
184 13.003 57.7134 27
185 13.512 58.55 34
186 10.332 59.1772 25
187 10.473 60.7923 28
188 12.953 58.3572 30
189 11.182 58.6324 38
190 13.244 57.7808 40
191 10.310 57.2325 12
192 13.293 58.267 25
193 11.404 57.7253 42
194 13.368 57.1308 28
195 11.075 56.9431 31
196 11.434 57.6221 31
197 13.049 59.2311 40
198 13.507 56.3244 32
199 12.027 55.4219 24
200 11.728 58.6571 36
201 10.643 58.5844 25
202 10.507 57.9307 19
203 11.637 57.7269 29
204 10.980 56.2718 23
205 12.057 57.3879 47
206 12.526 57.5783 26
207 10.132 58.5783 23
208 11.851 58.5093 32
209 13.365 58.7759 44
210 11.160 59.687 24
211 11.641 57.3957 15
212 11.793 58.8396 24
213 11.615 58.6119 32
214 11.296 59.7811 32
215 13.163 55.6258 32
216 10.967 59.0267 39
217 11.032 58.9284 37
218 11.832 59.4867 42
219 11.134 57.6178 31
220 11.286 57.2957 38
221 12.562 59.7965 42
222 10.441 55.9114 22
223 12.938 58.1879 20
224 11.233 57.3116 33
225 12.643 59.4129 31
226 13.152 59.4344 21
227 12.842 56.6097 25
228 11.709 57.7546 29
229 10.317 58.1747 24
230 10.621 57.848 23
231 11.450 57.4089 27
232 12.299 58.8116 24
233 13.449 59.6456 35
234 13.226 57.0356 32
235 12.010 57.4303 42
236 13.233 55.1278 25
237 11.426 59.7545 34
238 11.886 58.4036 49
239 10.318 56.0815 26
240 12.743 58.5625 22
241 11.464 56.5242 42
242 11.074 55.6257 29
243 11.143 59.0288 38
244 10.374 58.406 24
245 10.955 60.2846 43
246 13.082 56.1429 24
247 12.634 57.6419 35
248 13.260 58.7257 43
249 13.092 59.467 25
250 11.860 56.2479 38
251 10.996 56.8319 47
252 11.132 55.2519 40
253 11.349 59.9162 29
254 12.746 57.6325 30
255 11.186 55.3088 23
256 10.987 59.7369 38
257 11.180 58.7277 36
258 10.118 59.684 27
259 10.574 57.2498 27
260 11.345 56.7563 23
261 10.789 57.5423 25
262 11.256 57.9529 34
263 11.079 57.6784 30
264 12.329 58.2574 28
265 13.194 55.6287 44
266 11.083 57.9848 36
267 12.881 58.1079 31
268 10.774 57.4977 18
269 11.110 56.3698 32
270 10.983 55.3334 28
271 11.615 59.2733 37
272 12.894 58.4794 51
273 11.408 58.2814 29
274 10.881 60.6763 43
275 10.497 58.4636 20
276 11.430 57.8921 41
277 11.772 57.7926 35
278 11.366 59.0255 42
279 10.666 58.5973 19
280 11.299 55.5068 18
281 11.279 58.7484 27
282 10.997 57.893 36
283 12.933 55.8731 30
284 10.326 57.8508 19
285 10.625 59.6279 20
286 11.315 59.9278 42
287 13.212 58.057 41
288 10.698 60.0495 22
289 12.079 58.609 25
290 11.336 59.4037 29
291 10.671 57.1738 19
292 13.262 58.707 27
293 11.202 57.8811 24
294 11.368 57.8756 16
295 12.655 59.3346 26
296 13.019 56.8196 39
297 11.337 58.9853 34
298 10.352 57.2797 13
299 13.098 58.233 34
300 10.450 58.2493 26
301 11.034 59.8939 41
302 10.788 58.9955 46
303 11.305 57.6319 23
304 10.589 57.3946 16
305 11.373 57.8783 31
306 10.265 57.1911 31
307 13.084 58.728 30
308 10.317 58.0855 17
