1 9.482 49.3224 28
2 9.343 50.8188 43
3 10.011 50.3411 40
4 9.104 50.9389 37
5 10.101 49.7569 38
6 8.298 50.0664 29
7 11.652 50.5757 34
8 9.689 49.5545 38
9 11.355 48.7733 38
10 10.044 48.6576 35
11 9.930 49.4393 33
12 10.997 48.3347 33
13 10.098 49.2937 41
14 9.144 52.1929 26
15 9.159 50.4878 38
16 10.611 48.923 41
17 10.015 49.2775 22
18 10.672 48.9646 64
19 11.250 48.1275 37
20 9.108 51.1264 25
21 10.769 50.0212 27
22 10.561 50.7244 21
23 9.360 50.361 25
24 10.090 48.2789 42
25 10.031 49.0618 34
26 8.621 50.3426 37
27 8.461 49.5481 43
28 8.899 50.1704 33
29 9.992 50.6495 38
30 9.431 49.7403 30
31 11.547 49.6841 35
32 9.355 51.25 33
33 9.770 50.6859 30
34 8.994 50.1633 26
35 9.855 50.1293 20
36 9.623 50.8366 25
37 11.108 50.3705 40
38 9.080 50.7931 40
39 9.400 46.8278 29
40 9.572 51.2351 25
41 9.403 50.8076 30
42 9.040 51.6442 57
43 9.908 50.7401 39
44 9.486 50.7438 32
45 9.295 50.0505 22
46 9.820 49.7176 43
47 10.984 49.081 24
48 10.227 50.6392 40
49 10.071 49.6257 35
50 9.252 50.2628 44
51 9.498 49.6865 27
52 10.817 50.7877 31
53 9.877 50.0396 31
54 10.482 49.6737 40
55 9.836 49.5893 34
56 11.262 49.865 29
57 8.988 50.2519 36
58 10.220 50.4963 24
59 9.682 51.3817 20
60 9.845 48.7221 31
61 9.655 49.3055 32
62 9.355 51.2001 33
63 10.791 47.5016 33
64 9.509 50.1232 33
65 9.440 51.2453 35
66 8.843 49.0623 24
67 9.838 49.9757 28
68 9.518 49.9017 57
69 9.574 50.9752 38
70 8.720 49.654 30
71 9.331 48.2234 58
72 9.397 49.4928 40
73 10.243 49.518 24
74 10.388 48.0507 35
75 12.070 48.1146 44
76 8.581 51.5622 29
77 10.698 50.6292 42
78 11.919 50.1903 20
79 10.130 49.3634 43
80 10.144 50.5065 33
81 9.024 48.4529 36
82 10.499 51.5959 41
83 9.724 50.7088 37
84 9.913 50.4258 30
85 11.024 51.2917 27
86 10.811 47.2229 43
87 11.070 50.1594 30
88 9.262 50.3639 35
89 9.397 51.1174 28
90 9.449 51.1693 43
91 8.575 50.8987 31
92 9.478 51.4268 26
93 9.686 50.5731 41
94 9.001 50.0502 41
95 9.464 49.7152 38
96 10.151 49.2976 38
97 9.568 51.3184 55
98 10.334 49.7537 38
99 9.046 49.6149 30
100 11.263 48.5885 48
101 9.780 49.6895 20
102 9.127 51.6134 29
103 9.364 50.1623 33
104 9.760 49.7179 33
105 10.172 49.8375 45
106 10.386 49.5909 44
107 9.838 50.0409 28
108 9.248 49.5658 39
109 11.631 50.2337 23
110 9.614 46.1077 42
111 9.524 51.4678 33
112 9.577 49.5629 32
113 9.506 52.1855 26
114 9.226 48.6504 41
115 9.723 50.7729 27
116 8.774 51.0988 35
117 9.427 50.3243 37
118 9.946 43.6431 39
119 9.533 48.7063 29
120 9.445 50.5501 34
121 9.356 49.8998 33
122 9.876 49.4793 45
123 8.740 49.7944 43
124 8.985 52.1525 24
125 9.929 50.7117 23
126 10.229 48.2334 32
127 8.408 48.3948 56
128 8.680 49.3368 29
129 8.454 49.0197 37
130 8.471 50.9532 29
131 9.707 49.0664 37
132 9.711 50.4243 27
133 9.836 49.9454 25
134 10.836 49.4632 46
135 10.475 47.0569 53
136 9.188 50.8811 38
137 9.042 48.9867 41
138 8.503 50.2843 27
139 10.563 49.3112 33
140 9.627 48.9753 31
141 9.549 50.4388 45
142 9.589 49.8969 45
143 9.629 48.4671 24
144 9.603 50.3881 52
145 9.089 49.5626 31
146 11.499 49.2249 43
147 10.065 50.872 25
148 10.052 49.2004 32
149 9.120 50.5066 35
150 9.542 49.905 30
151 10.095 50.5359 43
152 9.831 49.3665 33
153 8.930 50.6905 28
154 9.757 50.9471 37
155 10.987 49.6265 19
156 10.233 49.1824 29
157 9.760 48.6095 27
158 9.238 50.5124 29
159 8.281 49.6342 25
160 9.790 49.6402 51
161 9.503 49.7325 33
162 8.825 47.6105 45
163 10.045 48.9062 30
164 9.790 47.9215 43
165 11.092 48.5651 24
166 10.496 49.1783 55
167 9.131 43.8533 54
168 9.968 51.3217 45
169 11.209 51.1289 34
170 9.720 51.1252 25
171 8.304 48.5124 38
172 9.528 48.7735 39
173 10.108 50.1893 33
174 9.142 50.5194 31
175 8.976 49.388 28
176 9.688 49.3058 33
177 8.991 50.3923 40
178 10.579 50.6031 35
179 10.262 50.2399 29
180 9.411 49.6248 34
181 11.539 49.35 28
182 8.787 50.0313 40
183 9.920 45.8272 64
184 9.807 47.7982 48
185 10.902 50.0622 28
186 9.025 51.0822 40
187 10.396 49.3824 50
188 9.710 50.9982 41
189 8.789 51.3321 34
190 10.271 48.7765 31
191 9.057 50.1353 30
192 10.548 49.8601 47
193 8.479 49.6567 47
194 8.811 50.7813 33
195 9.211 51.4172 44
196 8.859 47.3985 46
197 9.084 51.0181 35
198 9.545 49.7493 24
199 9.803 49.2298 31
200 9.885 49.9342 46
201 9.857 48.7272 35
202 9.951 50.8717 26
203 9.233 47.1659 38
204 9.802 49.504 36
205 9.688 50.189 33
206 9.437 49.7068 29
207 10.108 47.7224 51
208 9.353 51.0762 33
209 10.268 49.7571 48
210 10.668 48.9975 34
211 9.772 50.1688 25
212 9.182 48.7568 24
213 9.791 48.723 40
214 9.201 50.5033 41
215 9.911 47.8856 55
216 9.102 50.7357 42
217 10.204 47.2865 54
218 9.937 48.6668 47
219 9.689 49.1969 36
220 8.987 50.2906 28
221 9.747 50.1513 25
222 10.296 48.0275 27
223 10.255 49.5794 30
224 10.069 49.4819 34
225 12.199 49.9807 35
226 9.584 50.3113 28
227 9.553 50.7656 23
228 9.285 50.7142 37
229 10.090 50.5969 50
230 11.099 49.6057 22
231 7.940 50.347 33
232 9.706 50.6077 26
233 9.941 50.4596 33
234 8.807 50.4204 42
235 9.906 49.568 43
236 11.427 48.9831 35
237 10.037 49.8276 38
238 10.634 49.7391 38
239 9.920 50.9667 47
240 9.305 50.6856 32
241 10.008 48.9369 55
242 9.248 51.4889 33
243 10.435 49.7601 32
244 9.424 50.2088 47
245 8.774 49.7437 41
246 9.565 48.5096 37
247 9.206 50.0908 31
248 9.135 47.2626 40
249 10.436 51.2787 32
250 10.092 50.2033 28
251 9.859 49.772 37
252 10.030 50.5043 28
253 9.535 50.3747 27
254 9.950 50.5459 30
255 9.519 50.1835 35
256 9.682 49.8684 24
257 9.818 49.0201 28
258 9.327 50.9839 34
259 9.623 49.6444 32
260 10.302 48.8468 38
261 9.855 49.702 37
262 10.078 50.1634 38
263 9.378 51.3006 34
264 10.314 50.1008 43
265 9.984 50.2055 27
266 10.237 49.3363 57
267 9.308 49.0191 21
268 9.413 49.0223 40
269 9.467 51.0762 32
270 8.958 50.9029 46
271 9.680 51.2577 33
272 10.218 48.6353 29
273 10.776 50.0842 38
274 9.196 49.7025 34
275 8.603 49.4905 43
276 10.623 50.9363 25
277 9.989 49.0634 31
278 10.282 50.3221 37
279 9.844 49.2433 44
280 9.885 49.8412 25
281 9.757 48.9166 33
282 9.549 51.7739 36
283 9.916 50.5791 27
284 8.858 50.1101 35
285 8.739 51.7887 34
286 9.592 51.5204 28
287 9.602 49.9948 29
288 9.115 50.7286 28
289 10.191 48.882 35
290 10.199 50.2418 24
291 10.610 49.8699 32
292 9.203 47.789 41
293 10.046 49.5302 39
294 10.607 50.269 41
295 9.851 49.5242 41
296 9.955 50.9871 32
297 10.543 49.2573 26
298 10.077 49.8296 35
299 10.129 49.4371 27
300 12.399 49.0304 30
301 9.934 48.9635 40
302 9.340 51.3102 32
303 8.901 49.3227 39
304 11.016 49.2596 50
305 10.936 48.5235 38
306 9.266 50.5241 29
307 9.766 50.8059 25
308 9.698 50.3727 36
309 11.002 50.047 49
310 9.934 48.6857 37
311 11.889 49.4621 36
312 9.358 51.3386 35
313 9.987 49.8895 26
314 9.160 48.1276 45
315 11.163 50.2744 36
316 9.800 51.8473 29
317 11.097 46.2243 37
318 10.908 49.8111 49
319 9.944 50.2082 44
320 10.304 49.1292 30
321 11.021 49.8821 32
322 9.623 49.9872 30
323 10.060 50.3309 33
324 9.715 49.7877 23
325 9.480 49.5782 23
326 9.723 50.5735 27
327 11.093 48.5957 42
328 11.237 49.5965 31
329 9.847 50.4948 40
330 10.935 49.0431 31
331 10.022 49.6443 23
332 10.176 48.9139 33
333 9.479 50.4179 45
334 11.076 50.9945 24
335 10.301 49.072 35
336 11.438 48.5881 24
337 9.074 48.8282 40
338 9.370 50.8972 30
339 9.702 51.29 23
340 10.486 49.989 44
341 8.885 50.2546 20
342 8.986 50.552 23
343 12.243 48.7285 29
344 9.890 50.6654 24
345 9.940 43.6108 45
346 9.858 49.1723 36
347 10.050 49.7395 29
348 9.930 50.4979 43
349 9.337 50.3211 32
350 8.707 50.5746 35
351 11.556 48.555 34
352 9.894 49.2202 33
353 8.984 51.2016 37
354 9.654 50.7536 22
355 9.880 50.4915 29
356 9.653 49.9113 49
357 10.855 48.1266 21
358 10.572 47.0432 52
359 9.903 50.7227 27
360 9.860 49.1192 30
361 9.568 49.751 35
362 9.847 49.6354 28
363 9.803 48.8106 38
364 9.467 49.7819 37
365 8.898 50.8977 23
366 10.113 50.1027 20
367 10.834 48.9852 27
368 10.977 49.8557 36
369 9.923 50.1022 30
370 9.808 49.6586 26
371 10.451 49.2158 21
372 11.893 49.7094 27
373 9.980 49.4025 37
374 9.796 50.9834 28
375 9.319 51.9104 39
376 10.287 45.9147 40
377 11.744 48.7269 24
378 9.461 49.6084 35
379 10.258 49.1332 39
380 9.352 50.4851 31
381 9.907 50.2301 26
382 9.288 49.8263 32
383 8.822 50.7553 36
384 9.207 50.2213 34
385 9.582 49.3005 51
386 8.633 50.7768 36
387 11.022 48.8328 37
388 10.802 50.4355 37
389 8.774 48.9115 32
390 9.495 50.0408 35
391 10.082 49.4638 44
392 12.681 49.5618 29
393 10.643 49.8641 19
394 10.433 50.0047 39
395 9.235 50.9972 34
396 9.793 47.084 44
397 9.642 50.3932 44
398 9.257 50.2789 30
399 10.237 49.0704 32
400 9.838 51.3294 37
401 9.864 50.1416 24
402 9.035 48.6845 40
403 9.485 50.4822 35
404 9.637 48.3369 39
405 8.685 47.9361 33
406 9.909 49.7902 43
407 10.241 50.2569 32
408 9.824 49.0256 33
409 9.145 49.9754 32
410 9.532 49.7351 29
411 9.837 50.141 42
412 9.057 49.5665 25
413 10.551 50.4235 36
414 10.521 50.2392 38
415 11.606 49.1253 23
416 9.888 50.4623 39
417 11.439 50.2993 21
418 9.213 50.8568 48
419 10.861 51.2373 23
420 9.923 48.5034 38
421 9.693 50.4413 23
422 9.622 48.6533 26
423 10.086 49.1958 30
424 9.513 50.8816 51
425 9.827 49.333 24
426 8.471 48.8883 29
427 11.237 48.1343 49
428 10.964 48.9118 38
429 9.377 49.6997 24
430 8.932 49.988 27
431 9.802 48.8181 29
432 9.827 49.2459 28
433 9.570 50.1435 36
434 9.443 49.8135 28
435 10.754 49.2199 31
436 10.455 45.8228 47
437 10.332 49.1755 55
438 8.727 49.622 43
439 8.885 49.0731 52
440 11.001 47.6277 49
441 10.642 50.4389 29
442 9.244 50.3889 45
443 9.131 50.3476 35
444 9.443 49.2043 31
445 8.837 50.3921 25
446 9.591 50.2059 30
447 9.754 50.6645 39
448 10.153 50.3016 35
449 9.429 49.589 32
450 9.593 49.5445 40
451 11.309 47.9014 60
452 11.013 50.5899 29
453 10.499 44.6561 72
454 10.174 49.1972 27
455 9.445 49.2757 33
456 9.911 49.9513 38
457 9.697 49.7254 21
458 10.015 48.5872 31
459 9.303 48.8621 41
460 10.504 48.8481 33
461 10.512 49.4888 24
462 11.146 47.614 32
463 10.305 51.2357 21
464 10.243 49.8246 46
465 8.741 51.0604 34
466 10.785 49.5058 26
467 9.118 51.3683 34
468 9.460 51.0164 39
469 10.292 47.7787 38
470 9.546 49.2935 34
471 9.795 48.8495 35
472 10.087 48.6461 43
473 9.576 50.0664 47
474 11.179 48.4607 61
475 9.943 49.0473 35
476 9.527 50.284 60
477 9.446 50.7533 27
478 9.578 49.45 63
479 10.146 49.1048 23
480 11.398 50.629 35
481 11.642 49.4932 45
482 9.888 51.3727 38
483 9.047 50.4583 22
484 10.026 48.2217 39
485 10.633 49.5734 30
486 10.915 50.0988 32
487 9.908 50.8608 29
488 10.097 50.6505 35
489 8.984 49.8694 28
490 9.286 48.7994 31
491 11.437 49.4168 32
492 9.354 50.5389 28
493 9.118 49.9081 28
494 10.511 48.1448 42
495 9.265 49.5638 37
496 9.926 50.0101 26
497 8.756 51.6192 35
498 10.399 51.0467 34
499 9.446 48.707 31
500 9.838 50.6104 27
501 10.217 50.1708 51
502 10.594 50.4281 48
503 9.386 49.9297 53
504 9.668 49.5421 28
505 9.987 49.89 38
506 10.281 49.3582 36
507 9.768 50.8439 34
508 9.918 51.1867 33
509 9.481 49.2237 37
510 12.177 50.1617 34
511 11.240 49.076 28
512 9.717 49.5471 37
513 8.892 50.0824 47
514 11.397 50.1578 37
515 8.741 49.0126 45
516 12.084 49.139 33
517 9.885 49.0084 41
518 9.659 50.7981 25
519 9.273 48.8396 33
520 9.700 49.7112 31
521 9.399 50.6872 33
522 8.806 51.0064 23
523 11.849 50.7037 28
524 10.202 48.3591 65
525 8.903 49.4017 42
526 10.371 50.0746 49
527 9.955 49.1341 25
528 9.401 50.0511 34
529 10.237 46.3874 44
530 9.471 51.4785 35
531 9.432 48.7832 34
532 10.716 49.4623 46
533 9.381 50.8768 31
534 9.944 50.0968 24
535 9.948 48.5123 28
536 9.922 48.3145 38
537 9.851 49.508 44
538 9.509 49.4324 33
539 9.037 50.2896 30
540 9.960 48.4032 52
541 9.682 49.8191 46
542 12.038 49.146 21
543 9.179 51.1203 39
544 9.641 50.5931 39
545 9.702 49.4691 24
546 9.298 50.9905 42
547 8.763 51.0626 22
548 9.218 50.918 32
549 8.865 47.5319 42
550 12.861 49.069 31
551 10.609 49.7108 28
552 9.204 51.4132 30
553 9.748 50.3433 27
554 9.707 48.9608 33
555 9.195 48.9092 39
556 8.844 49.1508 31
557 9.452 48.6578 39
558 9.069 50.3914 43
559 10.271 49.6596 34
560 9.356 49.226 55
561 9.611 51.5894 27
562 9.945 49.6764 31
563 9.445 47.9634 34
564 9.603 50.6278 29
565 8.337 50.807 25
566 9.375 51.0968 25
567 11.489 48.0849 47
568 10.521 48.1311 33
569 9.485 49.2309 32
570 9.508 49.497 28
571 9.372 49.1112 34
572 9.595 49.9597 43
573 9.118 49.3528 24
574 12.293 48.0551 32
575 9.393 51.708 36
576 8.921 49.983 39
577 9.762 50.0456 26
578 10.708 49.5733 41
579 8.924 48.4828 35
580 9.679 49.9453 56
581 9.518 51.341 52
582 10.591 49.0098 58
583 10.841 49.5949 31
584 10.530 49.8688 30
585 11.039 49.9918 30
586 8.794 50.6355 28
587 9.060 50.6208 33
588 10.193 50.5111 49
589 9.873 49.3749 32
590 9.953 47.7885 30
591 9.181 46.2767 40
592 9.179 49.9547 30
593 9.258 50.8764 32
594 10.396 50.0297 32
595 10.774 50.6397 21
596 10.102 50.5637 21
597 10.722 50.8558 27
598 9.823 51.5276 44
599 9.851 48.0504 31
600 11.394 50.0527 18
601 11.550 49.9972 33
602 10.256 48.817 31
603 9.810 48.2464 28
604 9.720 49.4395 36
605 9.622 50.4373 31
606 10.175 49.5876 26
607 10.960 50.4522 86
608 8.802 50.6934 21
609 10.158 48.3782 35
610 9.014 50.2549 45
611 11.505 49.9379 47
612 9.607 50.7516 34
613 9.446 47.3777 23
614 9.978 49.7443 23
615 9.089 48.0618 44
616 9.829 47.0303 34
617 10.741 49.6171 21
618 9.255 51.5885 47
619 10.536 48.8962 50
620 9.586 49.8978 32
621 9.781 50.4042 24
622 11.471 50.0212 33
623 9.663 51.2285 34
624 8.692 51.5989 30
625 9.695 50.5769 45
626 9.975 49.3325 55
627 9.595 49.3538 34
628 10.661 51.2432 18
629 9.908 49.2943 40
630 9.887 49.9417 23
631 11.487 50.002 45
632 10.805 50.4014 18
633 9.307 49.3409 36
634 9.767 48.8222 41
635 9.390 49.1181 26
636 9.490 50.4282 29
637 9.619 47.9644 28
638 9.712 48.6157 43
639 8.894 50.2356 29
640 9.132 49.7163 44
641 9.666 50.8673 28
642 10.384 51.2921 33
643 10.836 50.6279 30
644 10.298 49.7496 31
645 10.320 50.8616 23
646 10.727 46.8768 37
647 10.685 49.6921 34
648 7.991 50.5162 47
649 9.230 50.8691 32
650 9.333 50.3913 31
651 9.592 49.2089 34
652 11.342 51.0436 24
653 10.139 47.2452 28
654 10.173 50.7687 21
655 8.881 50.8776 32
656 9.682 49.858 45
657 10.897 50.2379 33
658 9.713 49.8326 46
659 9.503 50.1079 35
660 10.045 50.9761 32
661 9.670 49.7561 26
662 10.047 49.0474 22
663 10.583 49.3113 29
664 9.045 51.3607 24
665 9.567 51.194 26
666 9.649 48.826 35
667 10.368 49.9032 36
668 9.893 49.1918 42
669 9.488 50.3061 35
670 9.478 49.5831 24
671 9.877 49.1104 54
672 8.983 50.5079 32
673 10.213 47.5368 45
674 9.456 50.828 52
675 10.083 49.4353 43
676 9.485 50.3815 41
677 11.821 48.301 20
678 11.617 49.4933 30
679 10.489 50.1142 23
680 8.800 50.8437 35
681 9.391 48.9733 33
682 10.542 48.8677 39
683 9.744 50.5069 54
684 9.011 50.6479 42
685 9.101 49.8389 34
