1 8.337 50.7483 59
2 8.980 49.8932 43
3 9.593 50.0604 45
4 10.817 49.77 52
5 11.312 49.2301 29
6 11.862 50.5399 52
7 9.081 52.1087 43
8 11.403 51.485 19
9 9.615 49.5708 25
10 10.266 50.6113 32
11 11.417 51.4996 31
12 8.101 50.3649 35
13 10.314 50.71 41
14 9.182 50.4851 34
15 8.689 52.0762 64
16 9.794 50.6752 43
17 12.058 49.5121 37
18 8.273 51.4202 42
19 9.075 49.7413 67
20 9.762 50.5912 36
21 11.537 49.225 51
22 10.150 50.0001 51
23 12.165 52.4804 48
24 9.251 53.5712 43
25 12.793 51.2184 39
26 7.567 50.4789 23
27 10.327 50.402 42
28 12.528 49.9084 61
29 11.314 49.1935 15
30 10.361 50.9256 54
31 12.358 50.1094 50
32 8.713 50.3905 45
33 9.966 50.4729 52
34 9.514 50.6308 39
35 9.052 50.5113 45
36 12.092 49.5247 33
37 8.790 53.3654 55
38 9.947 50.0969 31
39 13.448 50.6792 39
40 8.642 51.2967 47
41 6.638 50.4507 20
42 12.755 50.0899 44
43 8.523 50.6909 35
1 9.896 50.9872 33
2 11.534 50.476 51
3 11.521 50.5539 63
4 12.620 49.3135 45
5 11.720 50.2549 63
6 10.843 50.8645 41
7 8.682 50.2102 62
8 9.306 50.5749 43
9 8.073 51.0907 34
10 9.989 50.0064 42
11 9.635 51.0211 37
12 8.776 49.4509 58
13 10.864 50.9711 61
14 9.564 51.1927 55
15 9.312 50.7297 36
16 10.726 49.1444 67
17 11.811 50.7322 81
18 12.552 50.623 31
19 12.004 51.0664 30
20 10.646 51.0345 53
21 11.496 49.6634 55
22 12.899 50.3246 28
23 9.305 50.9513 41
24 10.733 50.0662 62
25 13.084 51.2947 42
26 12.384 49.7048 42
27 11.121 49.7921 52
28 8.072 49.6721 32
29 11.735 50.7365 38
30 8.518 50.3301 40
31 12.297 51.0968 48
32 10.914 49.9268 38
33 9.822 50.9648 24
34 8.979 50.6279 60
35 7.265 49.1192 19
36 7.538 51.0574 56
37 9.528 50.1041 40
38 8.334 51.1461 47
39 11.582 50.2792 40
40 9.019 50.2375 46
41 10.841 50.023 35
42 8.612 49.9858 33
43 10.826 49.7121 51
1 11.018 50.4458 43
2 10.882 49.5975 40
3 10.659 49.2623 39
4 9.983 50.7375 63
5 10.000 50.7288 46
6 10.982 49.0322 61
7 11.437 50.8572 21
8 7.415 50.623 49
9 12.485 49.228 26
10 11.277 50.2508 43
11 10.321 50.7047 54
12 12.346 49.446 38
13 9.427 50.1318 49
14 10.867 49.7145 43
15 11.052 52.9785 50
16 8.499 49.6239 40
17 9.280 47.9842 52
18 9.923 51.3562 40
19 10.036 49.9369 39
20 9.181 50.4733 66
21 10.096 52.1107 88
22 10.941 49.7323 38
23 9.036 48.9739 67
24 10.564 50.2723 48
25 9.595 50.9986 72
26 8.209 52.232 55
27 9.046 53.2977 47
28 11.763 51.438 24
29 9.423 50.9204 49
30 7.775 51.5776 31
31 10.546 50.335 45
32 9.034 52.3809 71
33 11.092 50.3454 74
34 8.136 51.3058 30
35 7.086 51.2518 35
36 10.642 50.9175 53
37 10.552 50.8186 52
38 10.175 49.5796 36
39 12.081 50.9124 34
40 12.469 50.638 45
41 10.138 50.1065 27
42 9.697 51.1358 50
43 11.740 49.6153 44
1 10.768 50.8263 41
2 9.737 51.2324 46
3 12.261 50.1991 31
4 9.350 50.3265 55
5 10.301 50.1025 52
6 9.826 50.3591 47
7 10.331 50.5342 52
8 7.718 49.7169 29
9 7.907 50.4567 28
10 9.835 49.912 62
11 9.747 50.2019 47
12 10.681 50.6782 48
13 8.490 50.9309 48
14 8.900 50.248 68
15 10.497 49.8201 59
16 10.179 51.7833 51
17 11.756 50.67 34
18 9.093 51.5401 46
19 10.252 50.2472 33
20 9.154 50.865 57
21 7.484 50.6376 43
22 11.565 50.147 27
23 10.427 51.2472 57
24 8.832 50.9818 54
25 8.834 51.0039 32
26 9.342 49.7138 45
27 10.528 49.9334 40
28 10.672 48.9969 74
29 9.633 50.8075 43
30 10.733 51.0746 73
31 10.342 50.3766 45
32 10.192 51.1959 39
33 10.992 49.8746 34
34 8.821 51.6547 57
35 12.520 50.5734 46
36 9.832 51.8279 51
37 11.195 49.4953 61
38 10.226 49.813 39
39 11.344 49.4926 52
40 12.409 49.5301 29
41 11.024 50.3761 47
1 11.620 49.6778 47
2 9.869 50.3887 40
3 8.549 49.5253 39
4 11.793 49.7123 61
5 11.796 50.9103 29
6 9.156 51.1704 36
7 10.544 50.4427 61
8 11.000 49.6756 65
9 8.661 49.8349 52
10 11.947 49.676 46
11 11.490 49.7807 51
12 7.735 50.5546 37
13 8.873 50.9873 52
14 8.644 51.365 77
15 7.561 50.6689 33
16 11.726 51.1629 56
17 10.749 51.6186 54
18 8.319 51.4082 49
19 8.105 50.0842 34
20 10.982 48.8763 34
21 8.468 51.3039 34
22 12.490 51.6397 51
23 11.080 48.9129 53
24 11.013 50.9974 69
25 11.014 51.1453 58
26 12.797 48.7494 34
27 11.190 49.6474 57
28 10.903 49.9241 42
29 8.676 51.2872 61
30 9.110 50.1915 35
31 10.418 50.5758 60
32 11.404 49.7835 48
33 11.222 51.1682 43
34 11.537 49.3603 63
35 13.051 48.2526 42
36 10.418 50.9477 80
37 10.641 48.9905 49
38 12.635 49.2557 60
39 8.958 49.1474 44
40 10.922 50.7778 55
41 10.499 50.6595 63
1 10.649 50.0099 53
2 10.247 51.5221 68
3 11.183 50.11 65
4 11.487 49.2044 65
5 8.735 50.6661 45
6 10.265 49.1212 65
7 9.422 47.6166 63
8 10.279 50.412 57
9 10.628 49.9558 60
10 11.722 50.8336 51
11 9.415 50.7399 56
12 9.268 50.3537 23
13 11.805 49.8902 36
14 8.280 52.4348 64
15 7.314 50.2386 34
16 11.071 49.8253 53
17 10.698 51.524 44
18 8.074 51.2283 33
19 10.666 50.0717 70
20 11.551 51.5916 41
21 9.304 49.7324 73
22 11.383 51.5825 44
23 11.858 50.5225 38
24 12.379 50.9884 32
25 11.041 49.6812 36
26 10.745 50.8162 65
27 9.155 52.6104 55
28 6.799 51.4684 44
29 12.820 47.7483 21
30 8.717 50.9346 48
31 10.512 50.9531 39
32 7.907 49.3933 28
33 8.658 49.5267 48
34 11.387 48.6194 45
35 9.483 50.919 64
36 9.753 49.5159 39
37 9.550 50.0321 35
38 8.861 51.3132 53
39 8.546 51.0139 68
40 11.270 50.4704 47
41 11.162 47.7389 30
1 8.392 51.3907 49
2 11.198 47.3086 49
3 12.490 48.4342 42
4 9.837 50.1685 28
5 12.161 50.556 38
6 11.046 50.5737 56
7 11.562 49.9678 45
8 7.027 52.9799 59
9 10.421 50.2606 42
10 11.595 50.2197 49
11 10.884 50.9224 70
12 9.384 50.1756 41
13 12.569 49.2591 32
14 8.361 50.2433 36
15 8.700 49.9149 34
16 10.166 49.1665 33
17 8.749 50.4683 56
18 12.552 50.4105 45
19 10.447 51.7438 43
20 10.679 51.1909 40
21 11.875 48.672 34
22 10.450 49.6188 30
23 9.217 52.1452 31
24 8.642 50.9632 28
25 8.249 49.7254 37
26 11.073 50.3571 51
27 10.297 50.4351 52
28 9.109 50.8408 61
29 11.759 50.822 63
30 11.894 50.8163 40
31 10.193 49.9787 59
32 11.909 50.6975 37
33 8.619 51.8781 55
34 9.683 48.9956 50
35 10.157 49.3289 66
36 9.805 51.0011 48
37 9.139 49.0722 43
38 9.517 50.8288 62
39 12.245 50.9305 49
40 10.379 51.0953 77
41 10.514 48.7589 26
1 9.123 51.663 46
2 10.191 50.3165 41
3 10.364 50.9296 33
4 11.602 48.0726 52
5 11.884 50.7362 40
6 11.667 47.6373 40
7 9.212 51.2308 37
8 10.996 49.4164 50
9 10.921 49.5131 36
10 10.566 51.1385 45
11 11.024 50.3105 45
12 10.278 48.4283 40
13 9.558 50.8377 32
14 8.660 51.3258 37
15 11.489 49.8984 66
16 10.690 47.8425 47
17 9.498 49.9969 49
18 10.260 51.32 57
19 10.305 49.2651 62
20 10.456 49.9533 22
21 7.459 50.5262 41
22 9.623 49.66 36
23 10.939 50.7075 36
24 9.530 49.2428 30
25 8.907 50.6523 36
26 11.072 49.7478 57
27 10.850 50.6477 21
28 9.188 48.9889 37
29 9.668 49.881 51
30 9.100 50.4146 37
31 10.588 50.1969 52
32 9.875 51.0841 53
33 8.795 49.5397 42
34 9.548 50.1727 50
35 10.804 51.2435 33
36 9.450 48.9863 47
37 10.851 50.0829 32
38 11.230 50.9674 47
39 8.519 50.9841 52
40 12.453 49.466 31
41 8.407 49.631 31
1 8.225 50.8605 43
2 9.541 50.1088 58
3 10.556 48.2172 59
4 11.128 49.566 28
5 11.516 49.8279 38
6 10.948 50.5294 57
7 10.896 51.3503 56
8 11.642 50.3984 43
9 11.956 50.2187 51
10 10.868 50.4005 45
11 10.517 49.9497 45
12 9.610 49.289 27
13 9.191 51.5584 46
14 10.897 49.3235 36
15 10.345 49.5535 36
16 8.907 52.5254 49
17 11.589 50.5954 40
18 11.852 51.9781 43
19 12.242 50.4028 42
20 11.708 49.9026 66
21 12.356 50.9976 25
22 8.776 51.5822 46
23 12.731 49.2184 48
24 8.242 52.7501 41
25 9.757 51.4364 56
26 10.264 48.8539 40
27 8.744 50.5723 75
28 9.612 50.6939 40
29 10.576 50.557 37
30 8.892 50.7098 52
31 8.315 51.3302 28
32 8.580 49.8207 40
33 9.617 50.4003 45
34 9.368 50.2453 33
35 11.757 50.7872 42
36 11.898 49.2 58
37 10.323 50.7796 33
38 9.327 50.2934 61
39 9.205 49.9416 59
40 9.821 50.1298 49
41 8.378 50.9676 86
1 9.784 50.0074 41
2 11.922 50.1888 38
3 11.831 50.8505 44
4 11.530 50.2341 38
5 12.017 50.1713 68
6 11.756 49.9676 45
7 10.037 50.2434 36
8 8.433 48.8454 52
9 10.105 50.3703 64
10 10.883 50.9552 55
11 8.981 50.9718 44
12 9.067 50.0403 45
13 8.628 50.4023 37
14 10.250 50.8039 40
15 10.901 49.7109 37
16 9.788 50.0515 34
17 12.399 49.6993 37
18 10.016 47.7167 41
19 10.397 50.2124 44
20 11.481 51.1604 46
21 6.861 52.6717 35
22 7.804 50.8593 56
23 11.915 51.4508 53
24 11.230 49.9991 38
25 9.624 49.881 35
26 8.808 50.5697 78
27 9.942 50.207 62
28 8.147 50.5405 26
29 10.272 49.9751 52
30 8.983 49.6533 39
31 7.128 51.3479 34
32 10.158 50.7006 42
33 9.337 49.464 45
34 11.529 51.0818 27
35 9.309 50.7503 65
36 10.088 49.2639 47
37 10.702 51.5843 80
38 12.029 50.2613 33
39 11.360 49.3237 38
40 11.151 48.5806 48
41 10.092 51.0667 33
1 11.418 50.2989 35
2 11.878 50.8075 45
3 10.142 50.5209 29
4 9.983 51.7879 72
5 10.242 50.919 56
6 10.532 50.0782 36
7 9.931 50.0345 52
8 10.318 50.3293 57
9 10.788 50.8831 59
10 11.029 49.8868 35
11 8.652 50.5115 72
12 7.492 49.6937 37
13 8.066 49.5748 46
14 8.201 49.9039 46
15 8.677 50.5125 65
16 10.844 50.803 36
17 7.232 50.0439 40
18 9.738 50.6893 38
19 10.531 51.4313 95
20 11.725 47.8461 69
21 11.469 50.2273 37
22 10.280 49.5161 26
23 8.845 51.2291 47
24 10.435 50.5423 43
25 11.309 50.4758 29
26 10.452 51.1316 61
27 10.357 51.4115 51
28 13.004 51.6266 63
29 10.985 49.2038 53
30 8.994 52.509 58
31 12.011 50.0434 28
32 11.904 49.5018 43
33 9.860 50.5213 35
34 8.759 49.1805 45
35 11.744 50.6185 37
36 12.291 49.4273 48
37 11.481 50.3045 62
38 12.065 51.3123 64
39 9.405 50.0851 44
40 11.457 50.0134 31
41 12.026 49.5559 48
1 8.746 50.342 38
2 11.216 51.0975 46
3 11.038 49.8219 47
4 11.809 51.2692 48
5 9.517 50.602 36
6 11.608 50.6051 29
7 8.803 50.2122 37
8 8.338 48.8444 39
9 7.564 50.4888 32
10 9.819 51.2783 75
11 8.852 49.3991 66
12 12.252 48.6802 18
13 12.653 50.7438 43
14 8.972 50.4523 43
15 12.036 49.95 52
16 10.192 49.9393 38
17 8.664 49.9872 50
18 10.291 50.0218 48
19 7.330 50.4557 31
20 10.459 48.2026 54
21 9.657 49.9354 35
22 11.852 50.5248 27
23 11.023 49.5144 49
24 10.935 48.188 68
25 8.016 49.9706 39
26 11.578 49.2405 18
27 9.566 49.1692 27
28 7.802 51.0876 41
29 10.623 51.7676 44
30 10.218 49.9741 36
31 11.661 49.7086 49
32 11.715 49.4363 27
33 9.460 50.7053 39
34 12.159 49.5726 48
35 10.818 49.4426 39
36 10.986 51.3022 42
37 10.650 48.9656 41
38 9.223 50.3897 25
39 9.436 51.455 33
40 10.389 49.5543 35
41 8.625 49.6651 46
1 9.504 50.5187 43
2 9.815 51.1746 63
3 10.318 49.502 46
4 11.720 49.3023 34
5 9.991 49.7933 33
6 13.514 48.7786 49
7 12.487 51.2582 29
8 10.927 48.1586 26
9 9.230 50.4886 58
10 10.289 49.8 63
11 9.458 49.9976 30
12 11.711 49.0865 48
13 13.970 48.242 26
14 7.540 51.2866 52
15 9.333 48.7478 50
16 9.246 50.8181 31
17 11.348 49.342 48
18 9.532 50.5406 42
19 9.699 50.3571 76
20 9.910 49.5598 37
21 9.388 49.6542 40
22 12.588 50.0961 34
23 10.559 47.8178 50
24 7.299 50.7788 43
25 9.510 49.1506 44
26 10.565 50.1682 47
27 11.059 51.1763 54
28 9.246 49.6183 47
29 9.940 50.3209 25
30 10.758 51.9469 50
31 7.488 51.1588 60
32 8.616 50.5531 58
33 8.751 50.8015 71
34 12.124 51.0037 51
35 10.303 49.495 43
36 8.466 50.791 57
37 9.738 50.1999 61
38 9.846 50.4129 47
39 9.199 51.3142 70
40 11.070 49.3274 41
41 10.240 49.3873 82
1 7.625 48.4596 40
2 10.459 52.1948 52
3 11.365 48.306 32
4 9.681 50.3589 75
5 11.513 50.2696 50
6 11.227 48.2089 39
7 11.987 49.8721 37
8 8.448 49.4726 39
9 7.452 51.2814 32
10 10.665 49.7224 70
11 9.937 49.279 60
12 10.333 50.6179 43
13 11.394 50.716 71
14 10.539 51.0452 46
15 7.265 50.0799 25
16 7.743 50.5109 48
17 9.343 50.2725 52
18 11.439 48.563 31
19 10.348 50.6879 37
20 10.359 49.4013 46
21 7.834 50.0784 40
22 9.987 50.8095 37
23 8.667 51.6541 42
24 7.834 50.5317 56
25 10.902 50.6511 40
26 11.950 50.4842 50
27 10.004 50.2396 37
28 9.292 50.3106 28
29 11.057 48.5836 42
30 9.861 49.8764 43
31 9.865 51.0304 46
32 10.869 50.8396 55
33 9.712 52.7577 33
34 12.628 50.298 32
35 8.829 50.9317 51
36 9.192 50.6271 56
37 6.941 50.1162 33
38 10.600 50.6415 67
39 11.246 50.0248 86
40 13.587 50.7528 53
41 12.473 48.9819 43
42 9.610 52.1619 59
43 10.273 50.6734 54
1 11.891 49.6189 49
2 9.148 52.6318 40
3 11.415 49.9836 51
4 10.716 50.3755 68
5 7.348 51.0866 44
6 6.935 53.0339 57
7 9.482 50.149 79
8 10.172 48.5387 30
9 11.253 50.9796 38
10 12.077 50.892 36
11 11.548 50.8008 56
12 9.885 51.8713 47
13 12.775 50.9403 43
14 10.993 50.8428 37
15 10.257 50.7744 38
16 12.157 49.5925 58
17 7.669 49.2703 51
18 11.626 49.9742 40
19 11.298 50.0081 36
20 10.770 50.203 36
21 11.558 51.0678 47
22 12.752 49.3604 38
23 7.562 50.1163 22
24 10.909 51.0784 65
25 9.750 50.2472 73
26 11.673 49.3635 50
27 9.223 49.2641 44
28 11.969 50.704 61
29 11.298 50.8773 56
30 12.031 49.4828 55
31 11.137 49.5003 49
32 8.522 51.5565 46
33 11.037 49.0228 43
34 8.921 50.1402 62
35 8.677 49.4502 55
36 9.880 49.4499 30
37 10.619 49.951 52
38 10.199 48.6204 35
39 9.738 52.5038 69
40 11.310 49.8342 46
1 10.901 49.6914 45
2 10.108 49.6483 35
3 9.246 50.1069 38
4 10.163 50.5973 25
5 12.235 48.7481 25
6 11.500 51.0626 71
7 9.432 49.887 51
8 9.702 50.3689 66
9 8.260 50.1381 50
10 11.268 51.4964 48
11 11.909 52.6979 66
12 9.463 50.888 45
13 11.953 49.3777 51
14 9.913 50.5151 59
15 9.509 48.199 61
16 9.794 51.8263 50
17 9.764 50.1654 38
18 12.107 49.9864 36
19 9.347 50.972 47
20 8.423 51.171 38
21 9.967 50.9749 36
22 10.923 50.7521 51
23 10.991 50.1955 46
24 9.150 50.6414 52
25 8.041 50.8403 62
26 11.113 47.1247 54
27 9.213 49.932 42
28 10.177 50.3803 25
29 9.629 51.9565 36
30 10.934 49.8349 34
31 10.444 50.7575 60
32 9.718 49.8591 98
33 9.800 51.4795 63
34 8.482 49.2086 31
35 9.848 50.72 42
36 8.084 50.7284 58
37 12.530 49.8121 58
38 10.852 49.8697 45
39 11.357 50.7037 38
40 9.790 50.5066 69
1 8.342 50.548 23
2 9.936 48.7158 31
3 7.853 49.5851 33
4 12.118 50.5843 30
5 10.741 49.9342 30
6 11.819 51.1224 42
7 8.974 51 42
8 12.188 50.6261 20
9 11.127 50.4626 92
10 8.842 50.5354 60
11 12.258 49.7019 41
12 12.308 48.2102 32
13 9.828 49.4176 47
14 9.674 48.5815 76
15 10.666 49.189 39
16 10.836 50.602 44
17 12.583 50.4515 32
18 11.204 49.578 43
19 8.546 52.0655 55
20 7.788 49.5282 36
21 11.519 50.5577 47
22 9.972 49.5748 54
23 12.125 50.4919 38
24 10.210 51.4122 64
25 10.989 48.4509 57
26 10.466 51.0153 39
27 9.522 50.9993 47
28 13.143 50.8046 32
29 9.997 50.1415 33
30 9.595 50.8463 37
31 12.629 49.9294 34
32 10.118 49.8809 47
33 8.303 51.4056 48
34 11.288 50.1592 32
35 11.784 49.4156 66
36 7.616 50.4398 37
37 8.817 51.2656 79
38 12.429 47.7268 51
39 10.125 50.3651 36
40 8.091 50.6035 36
1 9.248 48.9646 59
2 10.926 50.7482 49
3 9.073 48.6249 62
4 8.341 51.0431 48
5 10.260 50.8533 43
6 10.107 49.4843 73
7 10.510 49.5707 48
8 9.908 51.5594 56
9 11.734 50.2113 34
10 10.598 51.4662 57
11 8.071 51.0171 47
12 11.585 48.9304 30
13 12.150 48.7532 30
14 11.097 50.4507 44
15 12.299 51.5708 58
16 9.733 50.7679 65
17 8.340 50.4787 40
18 9.309 49.9172 57
19 11.994 50.3807 36
20 12.917 50.9364 33
21 9.221 49.0308 42
22 11.230 48.7628 48
23 9.094 50.0983 61
24 10.113 47.5783 69
25 9.429 51.6048 36
26 11.928 50.7549 33
27 8.138 52.0223 47
28 11.729 50.2219 49
29 7.461 50.2163 35
30 8.429 50.8481 68
31 11.596 49.9395 18
32 11.837 50.6971 77
33 9.190 49.4259 37
34 11.723 50.3019 33
35 11.306 51.2868 38
36 9.491 50.7685 52
37 9.144 49.9582 66
38 8.391 50.4195 47
39 10.616 52.1482 73
40 11.406 50.5763 64
1 12.687 50.3369 38
2 10.248 50.6703 35
3 8.040 49.6951 32
4 9.404 50.6808 42
5 10.506 50.2944 46
6 11.214 51.0439 61
7 9.142 50.7876 68
8 9.249 50.6086 42
9 10.335 51.1418 60
10 12.171 50.4349 50
11 12.423 51.0059 28
12 12.361 50.1597 37
13 11.439 49.2881 19
14 7.505 50.1832 36
15 9.151 49.5045 39
16 9.332 50.3476 41
17 10.987 50.5126 36
18 8.862 50.4165 43
19 8.404 49.8596 50
20 10.182 52.3036 51
21 11.124 49.6271 42
22 10.654 49.3248 22
23 9.967 51.7505 51
24 8.115 50.7428 46
25 10.506 50.3182 48
26 9.054 50.6274 42
27 8.178 51.1964 48
28 9.217 49.5716 53
29 11.126 51.7634 44
30 11.100 50.0994 37
31 11.067 49.4926 28
32 12.155 50.7091 62
33 8.900 50.1845 43
34 11.597 49.9279 38
35 10.896 50.3457 40
36 12.694 49.7222 47
37 9.656 50.789 60
38 9.311 50.4151 34
39 10.501 50.7105 47
40 11.839 50.8394 64
1 10.520 51.5573 47
2 10.923 50.5354 43
3 10.731 50.9573 36
4 7.857 50.3702 30
5 11.707 50.287 44
6 11.472 50.1301 50
7 11.355 49.8485 42
8 10.740 50.2898 64
9 6.275 49.0483 40
10 12.933 51.137 42
11 9.359 50.0457 51
12 8.483 51.6144 51
13 10.541 50.0934 53
14 11.509 51.5411 65
15 9.852 50.0182 75
16 11.058 50.1595 54
17 11.518 49.4366 30
18 7.551 51.1953 38
19 9.691 50.8442 56
20 10.830 51.7413 55
21 10.429 52.2687 45
22 13.132 51.0531 37
23 10.569 48.562 51
24 11.356 50.1932 40
25 12.644 49.3761 43
26 8.755 50.9807 61
27 10.210 50.3892 74
28 9.017 49.5801 42
29 10.556 50.2313 33
30 11.337 51.0621 56
31 10.242 52.7319 45
32 11.247 49.1934 47
33 9.695 50.4328 37
34 12.672 49.7973 39
35 11.039 51.5921 29
36 10.536 50.7175 54
37 8.401 50.457 50
38 8.483 50.8162 48
39 11.561 50.0583 40
40 11.515 50.6547 29
1 10.479 50.6557 51
2 8.953 50.2655 45
3 7.415 50.1692 30
4 10.192 50.5739 45
5 10.988 50.1182 34
6 9.141 51.1317 49
7 9.982 50.0584 31
8 8.404 49.7453 39
9 11.937 51.1907 82
10 10.898 50.6521 41
11 10.080 49.4124 32
12 12.864 50.9996 38
13 11.959 48.7406 36
14 9.945 50.1345 48
15 11.740 50.9711 51
16 11.025 50.7681 60
17 10.859 50.7789 51
18 9.330 49.8161 58
19 11.226 50.1618 34
20 8.911 51.4576 54
21 8.636 50.3597 37
22 9.940 48.6165 43
23 9.852 50.0114 45
24 12.002 48.325 47
25 11.689 49.6091 23
26 12.037 51.3219 61
27 11.859 49.3924 44
28 11.045 50.299 53
29 13.414 49.9422 38
30 10.857 50.2262 50
31 8.523 50.7703 35
32 7.546 53.4693 59
33 9.867 50.2338 54
34 11.169 49.8999 45
35 8.721 50.7628 55
36 9.920 50.6206 65
37 10.794 50.2763 50
38 9.852 50.4391 33
39 10.170 51.076 73
40 12.659 50.0601 61
1 12.194 53.0285 69
2 9.317 49.852 50
3 10.876 49.9007 28
4 8.454 50.4495 62
5 12.603 51.1822 48
6 10.139 50.8618 36
7 9.913 50.5658 51
8 9.488 49.4522 38
9 11.874 51.6145 29
10 11.646 49.6812 46
11 11.149 49.8995 50
12 11.185 48.9228 38
13 10.839 49.9278 43
14 7.622 50.9801 48
15 7.811 51.7402 57
16 10.257 51.0303 73
17 10.544 49.9016 58
18 11.238 52.08 52
19 9.738 51.0893 96
20 10.897 50.2775 38
21 13.030 49.8287 53
22 9.265 50.7938 38
23 10.593 52.7542 64
24 9.854 49.3181 43
25 11.445 48.8562 47
26 7.222 52.9387 58
27 9.671 50.3904 48
28 8.380 50.4009 26
29 7.557 50.829 33
30 11.082 49.9698 32
31 8.349 49.6801 30
32 10.310 49.7964 48
33 9.477 51.3677 49
34 10.966 50.2166 24
35 10.523 50.5677 36
36 11.487 51.2941 72
37 10.689 49.0887 47
38 11.951 50.3513 44
39 10.960 48.4604 41
40 8.423 50.5386 42
1 12.006 49.9245 49
2 11.494 50.3188 36
3 10.365 50.3155 64
4 11.629 49.6709 30
5 12.494 50.1875 37
6 8.748 51.8008 62
7 10.687 49.8743 43
8 10.356 49.3144 58
9 10.686 48.9569 54
10 9.782 50.3815 54
11 12.126 50.4644 38
12 11.759 49.9848 37
13 12.058 50.9134 70
14 8.919 51.633 57
15 12.046 51.0527 57
16 11.150 50.5856 36
17 9.894 51.1966 42
18 12.550 50.6055 41
19 10.861 50.7775 52
20 8.486 51.4776 36
21 12.053 51.0076 59
22 9.865 50.8974 45
23 10.970 49.4417 46
24 12.394 51.6534 35
25 9.647 50.1456 57
26 9.469 50.2799 53
27 11.391 47.7633 36
28 9.419 49.9917 39
29 9.790 51.1004 46
30 12.365 49.2235 31
31 11.776 48.7324 54
32 10.202 50.8242 45
33 10.753 49.9731 38
34 10.821 49.3959 38
35 11.240 52.938 55
36 6.990 48.7642 48
37 10.418 50.4551 32
38 10.425 49.7013 29
39 8.982 49.961 51
40 10.096 51.3795 65
1 8.993 50.1302 45
2 11.098 49.522 37
3 10.558 51.3163 48
4 8.790 50.2259 41
5 9.623 51.5394 30
6 7.515 51.5252 29
7 10.844 50.5818 33
8 11.619 51.2359 43
9 13.175 50.76 29
10 10.803 50.8955 37
11 11.318 50.0619 37
12 9.581 51.0316 40
13 11.149 49.9404 22
14 8.757 52.1095 63
15 11.118 50.1708 32
16 10.759 50.2692 47
17 12.649 50.9689 49
18 11.015 50.7723 40
19 11.466 49.8197 43
20 10.983 50.2879 49
21 10.143 50.4471 46
22 11.274 50.5613 81
23 11.913 50.2639 51
24 10.835 49.7535 40
25 11.352 49.6911 35
26 11.168 50.2752 46
27 11.510 50.3036 37
28 9.916 50.7351 58
29 9.297 51.8759 67
30 9.689 51.8343 50
31 10.251 50.5391 52
32 10.720 51.5765 55
33 9.945 48.7366 46
34 9.315 50.9819 30
35 8.019 49.1117 43
36 10.605 50.4335 34
37 11.658 50.1755 26
38 11.871 48.7008 51
39 8.512 50.9389 76
40 12.175 50.1268 50
1 9.268 51.3054 33
2 10.423 50.8887 32
3 8.310 47.4857 40
4 11.219 51.2759 42
5 9.225 49.6711 52
6 11.189 49.7066 48
7 7.609 50.5292 35
8 12.116 50.5164 40
9 10.062 50.8972 36
10 10.908 49.7089 43
11 11.953 50.5025 47
12 11.650 49.8497 32
13 10.770 51.0219 38
14 11.373 48.5129 32
15 9.324 48.938 70
16 9.229 49.8373 45
17 10.646 50.7015 62
18 10.801 51.3776 35
19 9.867 50.0408 54
20 9.240 50.0173 51
21 10.506 50.6881 48
22 11.123 49.5647 48
23 11.247 50.0914 51
24 8.350 51.4317 54
25 11.810 50.4729 32
26 12.071 48.4792 46
27 11.865 50.0523 45
28 12.320 50.4743 37
29 9.422 51.6877 51
30 11.553 50.0164 41
31 10.744 51.5426 61
32 11.496 50.4208 62
33 12.268 51.0205 77
34 10.761 49.5834 54
35 9.920 51.8576 62
36 10.410 50.3319 33
37 9.164 51.7903 63
38 10.679 49.9045 43
39 11.932 50.4916 41
40 11.262 50.2351 52
41 9.573 50.1444 55
42 11.443 49.7185 50
43 8.519 50.1832 42
1 12.307 50.121 29
2 11.231 49.5138 45
3 8.985 51.4712 54
4 9.438 51.1218 62
5 11.410 51.3449 60
6 10.410 51.1643 50
7 8.669 50.6801 81
8 9.647 50.5324 47
9 7.934 49.2283 27
10 11.226 50.0588 26
11 12.164 50.3471 57
12 11.640 49.6197 40
13 7.253 52.0584 39
14 10.727 49.7924 37
15 10.079 49.3977 56
16 10.922 51.2703 39
17 7.935 49.6308 31
18 9.894 52.2578 80
19 8.534 51.1945 67
20 10.991 51.2196 51
21 10.941 50.3525 45
22 10.798 49.5181 54
23 7.030 52.5255 60
24 11.791 50.4257 40
25 11.225 48.6265 48
26 8.953 49.5873 34
27 10.349 46.802 51
28 9.531 48.8022 41
29 9.738 49.7219 30
30 10.357 50.4122 53
31 10.415 50.5864 42
32 8.764 51.3151 47
33 12.310 50.6201 47
34 8.814 49.611 36
35 12.887 49.4356 54
36 9.773 48.0807 57
37 12.451 48.2632 65
38 11.099 49.6183 34
39 11.927 49.2094 30
40 10.105 49.3181 37
1 11.259 50.446 40
2 10.354 48.7195 33
3 8.969 51.1899 49
4 12.521 50.6253 55
5 10.371 48.3313 44
6 9.404 50.9813 51
7 7.516 51.0132 18
8 9.758 49.8202 70
9 9.824 49.9025 51
10 10.303 50.1332 84
11 11.290 49.6245 42
12 10.516 48.2371 69
13 9.578 50.3934 52
14 10.228 48.5015 40
15 12.570 51.7608 56
16 7.848 51.277 47
17 10.247 50.78 41
18 10.023 49.9668 43
19 10.816 49.9194 40
20 7.357 51.0578 53
21 11.324 51.297 43
22 9.021 51.2717 53
23 8.954 49.9483 35
24 7.111 50.5288 42
25 12.458 49.0234 65
26 10.215 51.5349 74
27 11.105 51.0039 68
28 11.640 49.5215 23
29 13.057 50.1345 50
30 8.437 52.6716 41
31 9.747 50.4416 30
32 11.328 51.407 59
33 10.385 50.7452 47
34 10.538 50.0316 61
35 7.721 49.2669 49
36 9.683 51.5189 57
37 11.719 50.67 42
38 10.901 49.7905 58
39 9.148 51.2656 49
40 10.169 49.6358 46
1 10.107 51.2164 34
2 10.746 49.9064 38
3 10.708 50.019 34
4 10.986 49.4135 35
5 11.106 49.8532 65
6 9.333 48.6472 58
7 11.987 50.1517 36
8 10.977 50.2962 18
9 10.906 50.6102 48
10 12.176 53.0913 41
11 10.134 51.303 42
12 11.507 50.5222 43
13 9.798 50.7155 42
14 8.142 52.243 56
15 11.552 50.5204 49
16 8.050 50.9866 36
17 10.334 50.2418 40
18 9.893 50.6479 64
19 11.651 51.6822 51
20 9.784 49.2828 57
21 10.250 49.453 44
22 11.086 51.203 42
23 11.081 50.2591 33
24 8.813 50.8035 32
25 13.532 47.9162 44
26 9.911 50.0991 38
27 10.240 50.6426 52
28 11.485 50.4267 49
29 7.937 51.4303 51
30 11.331 50.8237 28
31 12.100 51.4466 43
32 9.634 48.8788 64
33 10.357 49.4733 34
34 9.682 51.6427 55
35 9.721 50.0431 58
36 8.034 49.7466 61
37 10.555 50.4719 64
38 11.125 49.1305 37
39 8.235 49.4628 46
40 13.447 50.346 48
1 11.584 49.3806 34
2 9.425 50.7733 67
3 12.249 50.3872 52
4 7.249 53.3456 49
5 12.017 50.4015 35
6 9.256 50.0744 51
7 11.742 50.3119 45
8 8.225 50.9949 47
9 7.985 49.3986 38
10 9.140 51.3558 45
11 13.518 48.202 42
12 11.124 50.7668 46
13 7.976 48.6819 43
14 9.849 51.2954 50
15 10.195 49.7282 63
16 11.362 49.5473 39
17 10.599 49.1088 37
18 8.976 50.1345 26
19 11.180 49.0734 31
20 11.998 50.8403 39
21 10.751 48.3924 29
22 11.836 51.5122 65
23 9.351 50.4668 70
24 13.388 51.2338 48
25 9.994 50.7386 30
26 11.072 50.1848 54
27 11.450 49.4051 53
28 9.445 49.4265 52
29 10.393 50.6713 62
30 9.619 49.6002 38
31 12.216 49.9429 35
32 7.043 49.6785 52
33 11.709 50.6492 43
34 11.775 50.5148 34
35 12.108 49.6574 37
36 9.561 50.6891 64
37 11.339 50.4526 50
38 11.365 48.591 41
39 9.935 49.6454 60
40 9.553 49.8317 46
1 8.790 48.9552 40
2 11.563 50.6088 45
3 8.783 48.4453 39
4 9.283 51.2059 38
5 13.146 49.5824 40
6 9.705 52.1136 68
7 9.048 50.1066 33
8 8.119 50.7629 35
9 10.266 51.7724 65
10 8.111 50.4264 42
11 11.031 49.4384 21
12 9.561 50.4801 29
13 9.198 50.3519 40
14 11.660 49.3707 36
15 12.286 51.475 43
16 8.701 50.308 38
17 9.416 49.8051 33
18 12.057 50.3916 32
19 9.946 50.3415 45
20 12.019 49.314 43
21 9.571 51.1339 41
22 10.296 49.3954 40
23 8.901 49.8789 44
24 11.670 50.5768 36
25 10.590 51.6169 70
26 8.836 50.471 42
27 9.745 51.0061 35
28 11.732 51.3155 54
29 10.618 50.4607 41
30 10.192 50.9663 61
31 11.338 48.6734 37
32 11.278 51.105 57
33 11.219 49.86 45
34 9.067 50.6091 60
35 7.928 50.8527 38
36 9.135 50.5856 30
37 10.748 49.5458 48
38 10.400 50.1349 59
39 10.329 48.9677 25
40 10.734 50.8488 66
1 10.787 50.1446 58
2 10.144 49.8997 47
3 10.811 50.0332 46
4 9.011 53.194 70
5 10.772 51.3829 51
6 10.867 50.5211 50
7 10.857 49.815 43
8 10.635 50.3933 43
9 8.422 48.3394 35
10 10.868 49.1613 50
11 9.614 50.6324 37
12 10.747 50.0717 35
13 10.603 49.7506 27
14 11.057 49.9518 47
15 10.317 52.4396 55
16 12.219 48.3604 50
17 7.385 49.4241 27
18 8.143 51.0728 26
19 11.132 50.1685 59
20 8.933 50.9361 67
21 11.561 50.1783 73
22 9.543 50.7614 61
23 7.861 51.5026 53
24 10.431 51.468 33
25 8.546 49.8513 48
26 11.053 49.8284 32
27 11.845 50.3957 41
28 9.000 50.6307 45
29 10.950 49.6655 48
30 8.794 49.7324 29
31 11.882 50.8488 45
32 11.329 51.3687 65
33 10.664 48.4113 42
34 11.112 51.0734 36
35 8.938 50.5862 47
36 9.106 51.0563 39
37 13.492 49.4362 60
38 12.176 49.3125 53
39 11.610 49.8666 81
40 10.800 48.5114 39
1 8.534 50.8887 33
2 12.456 51.2215 42
3 8.295 47.5142 44
4 9.469 50.2449 53
5 12.271 50.657 36
6 11.771 51.1278 43
7 8.429 51.0258 47
8 10.456 49.672 38
9 5.600 53.2157 56
10 11.043 51.6719 38
11 11.320 49.762 59
12 12.045 48.6256 32
13 11.133 51.2353 36
14 10.194 51.3023 73
15 8.614 52.1532 42
16 11.367 49.6278 33
17 11.126 49.2166 67
18 8.793 50.909 21
19 8.273 50.7408 31
20 11.494 51.2459 56
21 8.693 50.6757 63
22 8.050 50.2542 26
23 11.344 50.6797 48
24 11.863 49.8405 37
25 10.330 51.1714 52
26 8.055 50.769 59
27 8.733 49.3562 30
28 12.500 50.9391 39
29 9.574 51.2538 54
30 8.681 49.4564 33
31 10.981 51.2625 46
32 11.226 51.0661 52
33 11.379 51.0069 45
34 9.243 49.5487 46
35 9.930 50.3418 61
36 11.809 49.862 48
37 8.752 49.1982 48
38 9.831 50.4042 36
39 11.712 48.786 52
40 12.157 49.0745 39
1 7.903 49.8393 34
2 11.147 49.5655 53
3 6.664 50.3433 17
4 10.188 50.6752 40
5 9.454 47.9582 66
6 9.440 50.7639 48
7 9.681 50.486 61
8 9.145 50.8434 58
9 11.049 50.0604 29
10 9.160 49.9981 28
11 12.643 48.5828 43
12 13.093 50.8363 52
13 10.756 50.1193 26
14 11.452 50.0982 46
15 8.441 51.4361 57
16 7.950 51.1615 34
17 11.689 51.1422 72
18 10.171 49.4341 34
19 9.008 51.0395 63
20 9.445 51.0735 70
21 8.490 50.2499 44
22 10.108 50.8775 46
23 10.533 51.1148 31
24 9.401 51.0841 53
25 9.863 51.1465 73
26 10.535 49.0053 43
27 8.958 50.6895 44
28 8.343 50.4203 39
29 9.731 49.5021 40
30 9.811 49.2452 47
31 8.512 50.492 44
32 11.299 49.7321 45
33 9.204 51.2978 48
34 11.435 49.8476 49
35 10.254 49.4003 50
36 10.571 50.8729 41
37 10.898 50.5262 35
38 9.812 50.251 58
39 9.624 48.8031 26
40 10.294 50.683 51
1 10.404 51.4396 66
2 12.080 49.485 38
3 10.655 49.6019 49
4 10.989 49.0032 45
5 10.590 50.2661 35
6 11.960 50.5627 39
7 10.007 50.1086 46
8 10.172 50.0759 43
9 10.252 50.8811 36
10 11.795 51.033 28
11 10.175 49.2975 31
12 9.968 51.8294 43
13 9.343 50.9842 49
14 11.616 51.2619 35
15 9.863 50.919 42
16 11.748 49.0903 46
17 11.588 50.2914 41
18 10.605 51.4986 50
19 7.266 51.3991 41
20 12.168 48.6944 29
21 11.654 49.5772 35
22 11.110 49.8228 45
23 9.628 50.1609 60
24 10.958 50.1857 60
25 11.615 50.5744 39
26 8.943 50.2221 39
27 11.879 49.4841 37
28 10.061 51.4066 37
29 12.356 50.4954 36
30 12.172 51.2338 48
31 10.604 50.6813 30
32 11.454 51.3976 42
33 12.267 50.0457 61
34 11.380 50.3247 50
35 9.951 50.9541 47
36 8.995 50.6923 51
37 8.267 48.7692 57
38 11.221 50.4109 52
39 11.095 49.1517 46
40 8.974 50.8296 61
1 10.421 50.3457 58
2 10.974 50.5229 48
3 12.450 49.5391 50
4 11.769 51.0373 32
5 10.779 50.2116 53
6 11.086 50.6895 60
7 10.807 50.5328 53
8 11.507 51.1295 44
9 9.344 50.8357 32
10 10.338 47.6539 49
11 10.025 49.6241 33
12 8.759 49.99 34
13 10.835 50.1707 24
14 7.956 52.1351 47
15 8.978 50.3281 42
16 7.224 51.6806 37
17 9.856 50.4952 59
18 9.962 50.1319 49
19 10.436 50.1841 28
20 11.071 48.2147 55
21 10.449 50.6393 53
22 12.497 48.4985 22
23 8.088 50.3154 22
24 10.040 50.5873 45
25 10.642 50.5258 23
26 12.781 49.475 47
27 10.814 50.3991 55
28 8.961 50.9378 60
29 8.959 51.1083 46
30 8.686 51.6766 45
31 11.050 50.1678 34
32 11.203 49.6106 67
33 12.642 48.4871 62
34 10.106 50.6656 27
35 9.879 49.5342 31
36 9.927 50.0595 81
37 9.220 51.2012 62
38 7.909 50.2462 71
39 8.159 51.2822 56
40 9.113 50.6733 63
1 12.286 50.2392 60
2 10.111 50.8845 34
3 12.138 50.2081 51
4 10.303 51.5143 30
5 11.080 51.024 47
6 10.879 50.0052 31
7 10.000 48.5217 47
8 10.796 49.1708 47
9 10.945 49.2793 52
10 9.927 48.5948 63
11 7.396 52.4514 47
12 10.970 51.7253 70
13 10.307 49.8653 42
14 8.025 49.8464 39
15 9.842 50.6231 32
16 9.546 50.3141 51
17 12.111 49.698 52
18 9.938 51.3228 51
19 9.765 48.4511 51
20 9.827 49.8535 53
21 12.791 51.1522 57
22 12.159 50.3333 29
23 11.578 51.1697 41
24 11.561 48.596 38
25 8.207 51.3284 53
26 11.545 49.8293 58
27 8.381 51.2813 65
28 6.940 49.0796 33
29 9.506 50.6355 50
30 10.866 50.4994 30
31 10.024 49.5705 48
32 10.824 50.455 51
33 10.201 50.2851 43
34 8.763 50.4413 58
35 10.378 50.9216 36
36 9.184 51.3368 74
37 12.904 49.6463 35
38 9.994 50.2542 56
39 9.509 50.2273 43
40 9.617 49.5617 59
41 9.593 50.9807 51
42 10.264 50.3272 47
43 12.274 48.3418 39
1 11.815 51.0793 74
2 11.173 51.2385 59
3 11.127 50.8509 56
4 9.423 50.5237 47
5 12.735 51.229 46
6 8.292 51.0995 40
7 11.049 50.6673 54
8 9.425 52.231 67
9 10.497 49.7557 39
10 8.164 51.9708 38
11 9.671 50.8896 57
12 11.832 49.8102 55
13 10.008 49.7568 82
14 8.376 50.2512 49
15 12.472 50.5443 27
16 8.205 50.4609 61
17 8.633 49.1667 53
18 9.504 50.8423 39
19 11.266 50.3802 32
20 8.912 51.1285 49
21 11.610 50.2771 58
22 8.390 51.1653 69
23 11.054 50.3209 59
24 11.336 48.7797 33
25 10.925 49.948 29
26 11.411 50.4302 44
27 9.664 50.6699 47
28 8.828 51.0804 28
29 11.588 51.5361 29
30 11.600 51.259 41
31 11.247 50.252 35
32 12.885 49.8105 49
33 12.062 49.7898 33
34 9.574 50.2925 35
35 12.221 51.7069 53
36 7.620 50.2354 55
37 10.502 49.3775 67
38 9.126 49.8324 56
39 8.544 50.4085 45
40 9.931 48.3358 46
1 11.605 50.0082 53
2 11.560 50.5675 47
3 10.255 47.3122 48
4 7.468 50.35 23
5 12.583 50.4295 39
6 10.511 47.8064 39
7 10.430 50.6731 38
8 10.123 50.1491 74
9 9.346 49.008 52
10 7.765 49.0677 50
11 11.506 49.6101 34
12 11.387 50.7661 30
13 12.623 49.9758 34
14 9.631 49.6809 46
15 8.235 50.7213 46
16 9.871 51.4084 59
17 8.359 50.6141 38
18 9.258 52.3621 57
19 8.158 51.3544 28
20 10.043 51.3798 42
21 10.019 50.2344 54
22 9.393 50.7589 50
23 9.370 49.5371 49
24 11.750 50.7801 41
25 7.555 51.2709 22
26 8.796 51.3655 47
27 9.857 50.3965 47
28 10.686 47.2321 52
29 8.293 50.5127 33
30 9.753 49.3276 46
31 9.899 51.2035 55
32 13.146 50.728 29
33 8.850 49.1261 38
34 11.198 49.8987 36
35 8.793 49.6858 50
36 13.032 50.7001 31
37 10.077 49.9444 47
38 13.697 49.628 47
39 10.193 50.2703 44
40 10.977 49.5858 43
1 9.791 49.5956 106
2 9.440 49.7931 51
3 9.735 51.5419 71
4 10.816 51.4774 63
5 11.739 51.0268 48
6 10.076 50.8369 40
7 9.240 50.73 41
8 9.719 48.2583 57
9 10.855 50.0545 38
10 9.512 51.2548 53
11 11.311 48.602 49
12 11.553 49.5088 40
13 10.413 50.0632 62
14 6.403 52.0925 53
15 9.681 48.782 42
16 12.146 49.237 42
17 10.465 48.4826 32
18 10.124 50.5322 52
19 10.241 50.2746 33
20 8.210 50.3616 42
21 10.995 48.8442 38
22 12.828 49.8942 36
23 8.950 51.3188 57
24 10.166 50.4312 33
25 9.946 50.0258 32
26 11.973 48.6292 34
27 8.077 50.9567 63
28 11.165 49.7575 64
29 10.465 49.978 50
30 9.327 50.434 45
31 9.598 46.5175 55
32 10.745 49.694 64
33 12.236 50.5108 50
34 7.888 50.1731 38
35 9.934 50.7902 55
36 10.609 50.615 20
37 11.294 51.2495 36
38 9.685 50.0371 24
39 12.882 49.9985 43
40 9.805 50.2058 46
1 10.608 50.0768 27
2 11.508 47.8366 51
3 9.271 50.7747 43
4 10.820 49.1763 38
5 12.311 50.3254 42
6 9.658 50.8694 61
7 11.117 50.2776 50
8 11.623 49.5513 41
9 11.699 49.1091 34
10 11.369 50.6464 55
11 8.212 49.9846 34
12 8.743 49.6662 41
13 11.090 50.0386 62
14 8.428 49.623 50
15 11.242 50.4977 37
16 9.839 49.4113 69
17 11.042 50.3677 37
18 12.805 49.4992 36
19 10.055 50.8626 52
20 8.314 51.9607 56
21 10.644 49.9548 22
22 10.474 50.5128 54
23 8.882 51.5466 67
24 10.626 50.0912 58
25 11.363 50.8673 60
26 10.969 51.5967 65
27 11.480 50.7523 46
28 12.390 49.5014 38
29 8.239 50.8516 39
30 9.166 49.0159 37
31 11.461 50.0814 35
32 10.415 48.9395 49
33 11.480 50.8087 51
34 8.026 49.9143 36
35 9.687 50.435 50
36 8.455 51.0255 51
37 9.480 50.7749 39
38 13.180 49.9524 23
39 9.698 50.2227 36
40 10.523 49.8824 38
1 9.536 49.9536 41
2 11.020 51.4777 61
3 8.497 50.1595 48
4 11.249 49.6477 31
5 10.075 50.7034 55
6 8.728 49.967 27
7 10.643 50.6513 43
8 10.453 50.0272 20
9 10.837 50.564 48
10 12.043 51.0016 68
11 10.641 49.2166 56
12 10.607 50.5896 66
13 11.431 51.4518 43
14 12.958 50.5062 60
15 8.965 52.7041 47
16 10.889 49.0194 49
17 10.325 50.3944 23
18 9.227 50.743 35
19 11.255 48.9218 64
20 8.925 50.8075 31
21 12.334 51.051 22
22 10.590 48.8219 77
23 12.368 51.3436 52
24 10.729 49.1198 116
25 12.586 49.1342 25
26 10.594 49.1658 48
27 10.165 49.5281 54
28 9.732 49.8894 30
29 9.621 48.7409 46
30 10.756 49.0753 37
31 11.190 48.8388 51
32 10.936 50.491 54
33 6.920 49.003 61
34 9.025 50.8528 63
35 11.179 50.8068 52
36 9.229 51.2987 45
37 10.730 49.325 46
38 9.000 49.7645 47
39 7.203 49.116 37
40 9.511 49.6531 57
1 9.345 50.725 62
2 8.442 50.368 38
3 10.192 50.9508 29
4 9.532 50.1183 36
5 11.105 49.5287 23
6 8.801 52.3616 57
7 9.630 49.8596 60
8 8.942 52.2851 38
9 10.097 50.6504 43
10 8.627 50.5799 38
11 8.193 48.7112 50
12 9.617 49.9193 34
13 9.006 50.991 42
14 10.800 50.4864 26
15 11.719 50.6767 57
16 10.105 49.5749 63
17 10.237 49.302 43
18 10.537 50.0966 30
19 9.721 50.6994 40
20 9.218 50.3744 50
21 11.281 49.8204 47
22 9.462 50.1218 36
23 8.791 51.0997 52
24 11.180 49.8971 35
25 10.653 50.6572 65
26 8.773 50.0813 44
27 9.546 50.0908 67
28 10.668 50.6384 39
29 11.594 50.3787 31
30 8.016 50.4984 43
31 11.214 49.6752 23
32 9.517 50.0207 48
33 12.094 49.0854 34
34 10.078 49.8449 53
35 8.943 49.8579 53
36 11.722 51.1923 64
37 8.114 50.2317 37
38 12.050 49.5759 44
39 10.549 48.9073 40
40 11.927 49.9251 45
1 9.818 50.0351 40
2 8.456 50.5713 36
3 11.651 50.0444 42
4 12.695 48.5159 22
5 11.141 49.1068 63
6 12.719 51.019 49
7 10.581 49.2999 62
8 10.185 48.5774 44
9 8.297 51.5267 44
10 11.269 51.1666 39
11 8.176 49.6597 53
12 10.775 48.8244 34
13 10.746 49.9175 24
14 9.280 51.6617 44
15 10.503 50.9565 22
16 9.090 50.0764 37
17 9.228 51.2413 46
18 11.405 50.787 54
19 8.987 49.7113 31
20 12.487 49.4921 32
21 9.321 50.2979 69
22 10.111 51.7302 35
23 9.502 49.1388 46
24 10.990 51.454 36
25 9.706 51.6652 60
26 11.632 50.3627 36
27 12.384 50.0315 46
28 11.687 49.6579 59
29 7.686 51.1892 21
30 9.603 49.1365 56
31 11.518 50.2562 65
32 8.792 48.9476 58
33 11.526 51.0298 56
34 12.963 49.2854 41
35 9.391 50.4306 31
36 10.677 50.8951 31
37 7.521 49.9431 36
38 11.208 52.1793 34
39 10.146 50.7502 39
40 11.484 49.0021 44
1 7.256 50.5539 38
2 11.103 50.4986 21
3 11.628 51.0784 49
4 11.544 51.0808 51
5 10.147 51.461 50
6 9.188 50.7755 41
7 8.817 49.3732 42
8 12.397 50.0569 43
9 10.082 50.4594 40
10 8.647 51.0159 32
11 6.386 51.5408 44
12 11.680 49.7321 58
13 11.908 49.2399 52
14 10.402 50.2462 42
15 12.194 50.5466 54
16 9.296 51.4631 34
17 10.284 51.182 43
18 11.783 50.6307 44
19 9.202 49.9209 63
20 11.173 51.9369 54
21 9.971 50.2784 94
22 11.047 48.9345 25
23 11.720 50.9493 48
24 10.895 49.6655 42
25 11.295 50.3868 34
26 9.428 50.1231 68
27 7.687 50.6618 68
28 7.521 49.7423 41
29 12.776 50.4351 55
30 9.207 50.0114 23
31 9.553 51.0114 54
32 11.933 50.7984 83
33 8.525 48.9145 33
34 8.863 50.4023 49
35 10.343 50.2347 46
36 10.066 49.0049 48
37 8.516 49.7239 65
38 9.000 51.4151 60
39 11.959 50.5444 78
40 10.252 49.8117 67
1 10.439 51.5268 57
2 10.875 51.8863 65
3 9.146 49.8137 36
4 12.526 50.4634 56
5 12.382 51.0522 51
6 10.842 49.3652 46
7 9.025 49.5261 37
8 9.958 50.4752 39
9 8.876 49.4473 46
10 9.051 50.3605 46
11 12.041 51.1673 38
12 10.275 51.4128 34
13 11.196 51.7467 66
14 11.870 51.213 56
15 10.201 49.9329 24
16 11.427 51.5275 68
17 9.695 50.7372 53
18 7.447 49.5651 19
19 8.746 50.1946 44
20 9.678 50.2735 40
21 8.767 49.3616 28
22 12.105 51.781 42
23 11.016 49.7489 31
24 9.501 48.8056 55
25 12.116 48.7367 44
26 12.866 48.5694 23
27 10.548 50.2322 37
28 11.866 49.0205 41
29 11.001 50.2531 48
30 11.993 50.4924 72
31 9.879 50.5937 48
32 12.359 48.303 46
33 8.899 49.9512 37
34 11.118 49.9041 49
35 8.601 51.2907 27
36 10.048 50.3443 35
37 11.051 47.8502 35
38 8.737 51.6553 44
39 11.054 48.8423 74
40 7.233 51.6141 31
1 8.489 49.8816 48
2 10.160 49.9466 29
3 9.265 51.4432 36
4 13.226 48.2222 38
5 9.331 51.2495 57
6 7.546 50.7315 34
7 10.767 50.1353 54
8 7.203 49.9083 59
9 7.259 50.6431 30
10 9.748 50.2694 50
11 12.393 51.0359 38
12 12.342 49.9512 39
13 9.023 49.3377 42
14 11.305 48.7489 37
15 12.348 48.5025 43
16 9.251 50.073 32
17 10.816 51.6503 46
18 9.998 50.0256 40
19 11.264 49.6943 49
20 8.624 51.7078 47
21 9.170 50.8134 45
22 9.160 48.5581 48
23 10.530 50.9487 65
24 9.472 50.6228 49
25 9.366 50.7342 52
26 11.786 50.1389 47
27 9.486 49.8402 69
28 11.251 49.8271 40
29 9.411 48.8493 56
30 12.378 49.549 36
31 8.233 50.4521 30
32 9.761 48.4375 64
33 10.351 50.5864 21
34 9.931 51.0269 55
35 9.527 50.1435 55
36 10.049 51.0783 40
37 10.760 50.8097 48
38 14.153 52.0589 53
39 8.035 51.2805 54
40 10.852 49.7686 44
1 12.355 50.9536 44
2 9.660 49.6581 29
3 11.357 50.1647 37
4 12.305 50.9583 43
5 7.773 49.6985 35
6 12.473 50.7219 33
7 10.179 49.9525 38
8 8.792 52.5649 70
9 9.148 48.5727 68
10 10.599 49.9963 32
11 12.410 50.7253 50
12 10.851 50.836 30
13 7.926 51.4334 61
14 8.992 50.9192 48
15 10.925 49.9848 56
16 11.862 48.9184 54
17 8.938 50.0658 54
18 12.067 51.1838 50
19 9.562 50.8575 63
20 8.703 50.3798 49
21 12.655 48.4701 51
22 11.451 51.3772 55
23 11.399 49.6124 49
24 11.523 50.2943 25
25 8.521 50.7441 43
26 10.358 50.8689 51
27 9.864 50.288 50
28 11.619 50.4344 46
29 9.949 49.4996 35
30 8.282 52.0818 46
31 9.668 51.5254 73
32 11.102 47.7255 22
33 9.183 50.0161 64
34 8.294 51.5076 36
35 12.209 50.7066 49
36 11.520 49.4654 50
37 9.692 50.9916 60
38 10.397 50.2371 57
39 8.515 49.8457 31
40 9.442 48.9785 58
41 10.481 51.4034 47
42 10.357 51.1212 60
43 6.688 51.0919 33
1 9.448 50.8757 21
2 9.676 50.617 39
3 9.995 50.8329 58
4 11.438 50.9607 89
5 9.330 51.5007 49
6 10.758 49.8817 39
7 8.557 50.4718 83
8 8.546 51.4884 30
9 12.601 49.2071 35
10 8.586 50.4829 44
11 12.669 50.1257 35
12 10.985 50.421 28
13 9.766 50.8378 43
14 9.460 50.1814 55
15 8.482 51.0146 37
16 11.752 50.3092 88
17 11.557 51.2831 57
18 9.496 50.4828 40
19 9.092 49.7903 42
20 11.130 50.0756 43
21 11.288 51.3379 73
22 9.471 49.2189 38
23 7.839 51.9561 22
24 12.365 51.4901 41
25 12.240 50.22 25
26 10.401 49.5129 36
27 12.178 48.3484 70
28 9.579 51.087 70
29 11.653 49.1843 73
30 10.888 50.3073 43
31 8.135 49.2582 35
32 8.021 51.1209 67
33 9.976 50.6321 34
34 9.616 51.3223 75
35 11.227 50.7955 50
36 12.947 49.1923 39
37 9.222 50.9511 43
38 11.724 49.6404 35
39 10.602 51.0503 50
40 10.970 50.7496 48
1 11.693 50.3902 35
2 9.366 51.2713 48
3 10.095 50.8853 51
4 11.016 49.5257 52
5 10.856 50.934 24
6 11.716 50.3129 57
7 10.627 50.3649 25
8 10.767 49.8157 57
9 9.118 47.8453 61
10 10.186 49.9049 44
11 11.518 50.1918 44
12 9.752 48.5367 24
13 10.004 50.2126 46
14 9.286 49.8797 46
15 9.923 49.3426 55
16 10.635 50.1676 36
17 8.868 51.214 57
18 8.314 49.2822 65
19 8.794 51.455 42
20 7.845 49.4927 29
21 9.446 51.1344 38
22 10.647 49.8852 50
23 11.740 51.1108 33
24 9.668 49.2687 67
25 13.287 51.114 48
26 12.207 48.6819 30
27 12.235 51.1821 33
28 10.011 52.4348 66
29 11.150 50.4562 40
30 11.258 50.9632 44
31 7.799 50.6048 37
32 10.802 49.1236 47
33 9.571 52.2175 66
34 8.125 52.1442 45
35 10.283 50.1299 50
36 11.677 50.6277 42
37 12.449 51.2644 46
38 10.036 50.4497 25
39 11.838 50.241 29
40 11.813 51.1085 54
1 14.015 50.0662 33
2 7.381 50.7454 35
3 10.159 48.379 35
4 10.510 49.1925 73
5 11.877 51.0401 67
6 7.893 49.9495 50
7 10.262 51.4173 44
8 11.428 52.2013 52
9 7.743 50.0492 27
10 10.951 52.1562 49
11 10.809 50.9632 30
12 8.909 52.1526 55
13 9.202 50.8481 29
14 10.822 50.8259 54
15 8.913 51.2358 56
16 7.597 49.05 32
17 11.488 49.3653 49
18 9.267 49.1356 54
19 8.489 51.3274 54
20 10.797 50.7267 46
21 8.212 50.9782 22
22 9.384 51.3646 34
23 10.252 51.4246 52
24 9.747 49.399 56
25 10.635 49.9068 48
26 10.887 50.6063 54
27 8.245 50.7094 30
28 7.622 50.4658 24
29 9.347 51.4431 45
30 11.677 51.0295 57
31 8.396 48.4473 47
32 10.744 47.7469 74
33 11.724 50.1637 58
34 9.508 50.4993 29
35 10.890 51.4577 45
36 7.657 51.4897 64
37 10.334 48.1358 29
38 12.312 48.5624 46
39 9.733 49.401 52
40 11.750 49.8382 34
1 13.379 49.2286 51
2 13.076 49.4747 29
3 9.992 50.6201 50
4 10.462 50.2278 38
5 12.522 49.8697 33
6 8.675 50.2077 42
7 8.112 49.8313 31
8 8.679 48.4662 41
9 9.466 49.8067 59
10 11.004 49.2182 47
11 7.133 52.0977 49
12 9.331 51.1331 40
13 8.432 50.7923 43
14 12.488 47.9084 39
15 12.299 51.1318 30
16 12.941 50.4913 64
17 8.724 51.004 31
18 12.935 49.3955 60
19 10.853 49.9896 36
20 9.035 49.75 62
21 10.776 49.7576 40
22 10.895 50.6457 39
23 10.601 51.6022 49
24 8.443 50.8127 44
25 8.470 50.6497 25
26 10.177 50.2403 35
27 8.379 50.6229 63
28 10.373 49.2106 79
29 10.835 49.7506 51
30 11.870 50.8285 35
31 12.228 52.1269 51
32 9.558 49.6409 32
33 8.445 50.5335 35
34 10.395 50.6186 41
35 9.789 50.9306 72
36 11.616 50.4821 34
37 8.011 51.9473 47
38 9.915 51.574 46
39 10.114 46.1444 62
40 10.066 51.5558 32
1 10.602 48.645 36
2 10.735 50.3649 78
3 12.636 50.0534 37
4 10.020 49.7464 35
5 11.356 50.1882 47
6 13.028 49.3934 40
7 9.818 50.5051 41
8 8.908 50.8742 48
9 10.340 51.1757 55
10 10.339 49.6015 55
11 10.104 50.2534 41
12 8.449 51.2848 42
13 12.050 50.7853 60
14 11.176 50.0701 36
15 8.418 50.9234 32
16 8.420 51.6344 55
17 12.081 49.3347 39
18 10.044 51.7628 20
19 7.423 49.8814 25
20 9.764 49.9141 53
21 10.955 51.09 65
22 11.165 51.6144 65
23 11.815 50.6023 39
24 11.146 50.1531 34
25 12.774 48.283 21
26 8.249 50.6077 41
27 10.294 50.476 44
28 8.855 50.5213 37
29 10.524 51.5586 66
30 12.720 47.469 62
31 11.162 50.6953 45
32 10.978 51.0759 30
33 10.794 50.4126 31
34 9.299 49.7354 47
35 11.355 49.789 28
36 9.895 49.4355 41
37 11.639 49.5255 52
38 8.146 51.4847 46
39 8.852 49.3373 42
40 9.238 49.1324 51
1 11.826 48.6234 55
2 11.019 49.8556 40
3 8.860 50.1714 49
4 12.830 49.3504 42
5 9.845 51.7109 75
6 7.827 49.1118 55
7 12.392 50.6258 26
8 10.415 50.6015 51
9 9.538 51.0029 60
10 12.121 49.3892 36
11 10.104 50.677 39
12 9.793 50.299 49
13 9.708 51.003 49
14 8.394 50.7633 34
15 8.306 50.1545 43
16 12.797 50.517 53
17 9.062 50.5173 45
18 8.054 52.07 67
19 9.145 49.4115 49
20 11.270 49.9784 62
21 10.635 49.8992 27
22 10.872 49.2308 47
23 10.829 52.0748 29
24 10.942 48.7677 47
25 7.789 51.2546 48
26 11.287 50.6686 77
27 8.973 51.7861 38
28 11.474 50.0384 35
29 12.409 50.6197 51
30 8.053 51.0315 31
31 10.212 49.4631 50
32 11.282 47.2939 43
33 9.894 49.0085 44
34 11.843 49.7499 41
35 9.523 51.8501 48
36 10.840 49.663 35
37 10.594 50.3059 29
38 8.467 50.1486 31
39 6.867 51.4267 43
40 10.557 51.2543 24
1 7.922 51.0061 56
2 11.002 49.889 60
3 10.399 51.7204 60
4 9.986 51.7925 48
5 8.288 50.1662 42
6 9.254 50.3284 36
7 8.877 50.1657 30
8 9.705 51.1055 40
9 11.775 50.9524 31
10 12.316 50.7904 34
11 9.904 49.9514 40
12 10.503 49.6979 94
13 8.847 49.4058 40
14 11.390 50.2028 60
15 12.980 50.3455 36
16 8.878 51.9065 79
17 8.174 52.5654 56
18 7.180 50.2748 33
19 10.368 50.7031 26
20 10.622 50.589 63
21 10.582 50.8756 84
22 10.823 49.2297 53
23 8.498 53.2256 57
24 9.379 50.3816 63
25 10.697 51.2253 50
26 10.178 50.5856 57
27 10.130 50.5352 44
28 7.712 49.7601 35
29 8.898 49.5245 28
30 9.356 52.4836 68
31 10.034 49.4249 58
32 7.676 50.6785 39
33 10.660 50.7902 87
34 10.089 49.8807 41
35 11.494 50.5229 34
36 11.013 51.366 35
37 9.969 50.0894 37
38 10.344 49.1099 38
39 12.025 50.5148 40
40 8.693 50.8139 33
1 9.131 48.9174 26
2 8.563 50.2817 46
3 9.020 50.6773 39
4 9.577 49.4607 32
5 10.864 50.8264 44
6 10.085 49.8887 80
7 9.586 52.3689 36
8 10.007 49.7495 41
9 9.712 51.4713 22
10 12.729 51.3496 75
11 9.406 50.1289 58
12 11.248 49.519 43
13 11.749 49.0646 38
14 12.713 50.2778 41
15 10.076 51.637 54
16 10.275 50.01 62
17 10.718 50.3918 37
18 11.158 49.4729 36
19 12.321 50.0424 54
20 12.009 50.4073 33
21 9.132 53.227 58
22 7.925 49.603 49
23 11.795 50.3419 59
24 9.682 50.7898 37
25 11.298 51.104 44
26 10.550 50.4079 31
27 10.066 49.5088 80
28 10.903 48.4254 30
29 10.195 51.8793 62
30 11.896 50.4477 33
31 11.883 48.7764 25
32 8.806 51.7248 48
33 11.737 49.7695 43
34 10.312 50.987 47
35 13.800 48.6681 42
36 11.294 50.1666 35
37 12.095 49.6007 47
38 11.301 49.3562 43
39 12.311 49.2869 37
40 11.514 50.3012 33
1 11.650 50.4648 39
2 10.398 50.9873 57
3 9.760 48.9527 54
4 10.367 50.259 38
5 11.937 50.752 64
6 12.120 50.006 48
7 11.983 51.4613 51
8 10.750 50.936 50
9 9.671 50.0313 49
10 10.465 51.0156 49
11 8.840 49.294 45
12 10.858 49.9369 56
13 8.697 49.7053 51
14 10.813 49.8827 59
15 12.229 50.7838 50
16 9.836 52.0869 53
17 9.943 51.2042 34
18 7.242 50.7226 95
19 9.863 49.3533 39
20 9.260 48.4947 54
21 10.397 50.3814 75
22 12.096 50.3683 44
23 9.062 49.8296 57
24 11.319 50.5941 36
25 11.244 50.7945 45
26 12.253 49.4486 67
27 11.601 49.3896 67
28 8.064 51.4523 40
29 10.801 50.8578 43
30 7.876 50.25 50
31 10.798 50.4636 37
32 8.563 50.4695 38
33 10.042 50.424 57
34 10.486 50.583 57
35 9.379 51.0318 40
36 10.655 50.163 21
37 9.065 50.0983 39
38 11.402 50.4256 35
39 11.109 51.0292 61
40 11.239 50.1965 47
1 10.408 50.8355 51
2 9.622 50.0643 36
3 10.452 50.1175 62
4 10.424 51.3745 64
5 9.510 51.6194 53
6 8.352 49.5439 49
7 9.807 49.5542 57
8 11.555 50.3247 58
9 12.387 49.1524 49
10 7.163 51.4422 51
11 11.512 49.8017 47
12 10.780 49.7164 52
13 8.420 52.5957 40
14 9.121 50.267 41
15 9.019 50.2095 20
16 9.389 52.1282 44
17 12.166 51.3541 52
18 9.654 51.4475 65
19 10.117 50.7435 69
20 9.293 50.6053 54
21 10.948 50.5731 51
22 12.194 49.4994 50
23 10.299 49.9042 50
24 9.210 51.0591 52
25 9.400 52.3248 39
26 9.341 49.6002 59
27 12.027 52.2559 63
28 10.576 50.3763 61
29 9.045 49.0467 56
30 12.443 48.7447 35
31 9.697 51.0059 36
32 13.125 51.6365 75
33 11.364 50.5196 53
34 5.814 50.4843 24
35 11.906 50.096 43
36 11.414 50.6454 37
37 9.772 50.3147 57
38 11.135 51.3891 55
39 9.375 49.624 33
40 9.577 49.8262 34
1 8.750 49.3506 39
2 11.979 50.7134 41
3 9.303 49.5226 56
4 11.603 48.2552 32
5 9.394 50.6297 62
6 11.715 48.4778 43
7 9.365 50.1665 40
8 12.148 51.5542 99
9 8.649 51.0503 31
10 8.787 50.8506 66
11 9.401 50.2285 47
12 9.461 51.0429 42
13 9.584 50.6109 62
14 13.015 49.0174 35
15 8.409 50.8208 30
16 9.246 51.5675 74
17 10.327 52.6197 43
18 10.093 49.1361 57
19 11.384 50.0216 57
20 12.415 49.1065 47
21 10.535 50.6103 52
22 8.332 49.2619 50
23 8.562 51.1746 26
24 11.021 49.5811 39
25 9.733 51.3072 71
26 9.706 50.3188 43
27 11.698 50.8695 35
28 9.741 52.1998 39
29 11.454 48.9418 82
30 10.275 51.2089 53
31 10.124 50.7086 51
32 13.043 50.9768 26
33 9.611 50.3686 55
34 8.957 49.9182 32
35 7.970 49.4503 34
36 11.065 49.1053 61
37 12.053 48.3337 50
38 10.080 50.45 46
39 13.455 50.2136 30
40 10.819 49.3591 58
41 11.222 50.4936 35
42 10.813 50.2686 89
43 7.751 51.8044 32
1 9.028 49.8387 38
2 10.410 50.0891 44
3 9.676 51.5156 53
4 9.092 50.8714 51
5 8.578 51.1924 63
6 10.425 51.2302 55
7 11.984 49.4663 21
8 9.393 50.4369 47
9 9.494 51.1783 53
10 9.995 50.0368 37
11 11.090 49.5042 66
12 8.079 50.8152 57
13 10.120 52.0721 67
14 8.327 50.951 42
15 11.898 51.2248 67
16 9.986 50.6407 27
17 8.989 50.71 43
18 10.774 51.0538 40
19 10.174 49.9149 34
20 10.591 49.7356 36
21 10.229 50.811 44
22 9.912 50.7808 34
23 8.179 51.7297 46
24 8.565 51.0791 47
25 10.707 50.4269 36
26 10.709 49.8526 52
27 10.322 51.0657 43
28 8.251 49.1328 28
29 9.827 51.7764 70
30 7.267 52.5521 38
31 8.813 50.4225 35
32 9.217 51.0089 54
33 11.954 51.1393 45
34 11.330 50.6475 58
35 11.035 50.3872 43
36 8.009 51.2298 30
37 8.367 51.3836 64
38 9.375 49.1085 58
39 9.222 48.9444 65
40 10.386 49.6447 54
1 11.558 49.9298 43
2 9.437 51.2014 48
3 10.272 50.5501 64
4 10.910 50.3335 28
5 13.633 49.9342 27
6 12.561 51.4916 68
7 11.010 49.9742 57
8 10.597 49.8042 40
9 10.124 51.099 42
10 8.878 50.7934 69
11 10.594 50.8583 77
12 8.839 52.8736 47
13 7.486 51.2665 57
14 8.609 50.563 55
15 11.249 52.3192 55
16 9.037 50.6472 65
17 10.280 50.2668 42
18 7.458 50.551 35
19 11.608 50.5573 29
20 8.036 50.7911 51
21 11.524 50.7505 68
22 11.121 48.0247 55
23 9.332 49.7729 46
24 10.134 49.9127 53
25 11.359 49.2968 47
26 9.039 50.6816 44
27 8.974 50.1028 60
28 7.795 49.6763 35
29 6.993 52.4013 43
30 12.571 49.1706 61
31 9.093 50.3605 38
32 10.583 49.0937 38
33 11.319 50.445 40
34 9.616 50.6777 40
35 8.505 52.3825 33
36 11.618 50.1473 43
37 9.537 50.914 52
38 11.469 49.7282 38
39 7.305 49.9375 41
40 11.826 48.7241 44
1 7.215 51.2639 41
2 10.511 50.3245 31
3 8.872 49.7068 43
4 9.788 50.4139 28
5 10.196 49.4643 57
6 9.229 50.7269 59
7 9.645 50.6073 25
8 10.449 50.422 41
9 9.667 51.2062 44
10 8.934 50.9386 60
11 9.679 50.3766 50
12 10.606 49.455 27
13 12.333 50.3929 61
14 9.757 48.541 52
15 10.732 50.7531 35
16 12.033 51.3832 42
17 10.743 50.3317 40
18 8.093 50.4795 56
19 11.889 49.6815 59
20 9.461 51.5272 44
21 8.151 49.0312 39
22 10.142 48.8912 44
23 8.705 50.8427 54
24 9.174 49.7455 47
25 12.922 49.2775 62
26 10.924 50.1629 38
27 10.538 48.9448 35
28 8.493 50.4829 34
29 9.152 51.154 73
30 8.271 51.6705 49
31 11.327 49.5522 49
32 10.439 50.9129 64
33 8.926 50.6745 51
34 7.969 50.4018 60
35 9.079 50.288 42
36 10.981 50.7643 14
37 10.585 50.316 86
38 11.669 52.5525 75
39 9.780 51.184 38
40 11.168 51.0274 75
1 11.132 51.234 42
2 9.564 50.744 59
3 10.475 51.2828 50
4 11.867 50.5349 41
5 11.512 50.2495 51
6 10.033 49.3516 52
7 10.046 50.8722 66
8 11.072 50.3539 30
9 11.902 49.8929 30
10 10.511 50.1253 33
11 11.805 51.0814 55
12 10.044 50.9159 41
13 11.654 50.0485 37
14 9.512 50.7375 71
15 8.113 49.9579 73
16 9.333 49.5801 44
17 9.250 50.4891 90
18 8.486 51.249 49
19 10.181 50.7107 42
20 12.545 49.6854 71
21 9.413 50.785 48
22 9.927 50.2522 35
23 8.385 48.8781 39
24 9.772 50.8003 37
25 10.762 49.7133 38
26 9.777 49.4289 48
